["http://www.books.com.tw/products/0010770148?loc=P_011_001", "http://www.books.com.tw/products/0010770473?loc=P_011_002", "http://www.books.com.tw/products/0010770475?loc=P_011_003", "http://www.books.com.tw/products/0010770476?loc=P_011_004", "http://www.books.com.tw/products/0010770277?loc=P_011_005", "http://www.books.com.tw/products/0010770278?loc=P_011_006", "http://www.books.com.tw/products/0010769066?loc=P_011_007", "http://www.books.com.tw/products/0010769071?loc=P_011_008", "http://www.books.com.tw/products/0010769539?loc=P_011_009", "http://www.books.com.tw/products/0010769542?loc=P_011_010", "http://www.books.com.tw/products/0010769545?loc=P_011_011", "http://www.books.com.tw/products/0010769550?loc=P_011_012", "http://www.books.com.tw/products/0010768983?loc=P_011_013", "http://www.books.com.tw/products/0010768700?loc=P_011_014", "http://www.books.com.tw/products/0010768504?loc=P_011_015", "http://www.books.com.tw/products/0010768506?loc=P_011_016", "http://www.books.com.tw/products/0010768731?loc=P_011_017", "http://www.books.com.tw/products/0010768734?loc=P_011_018", "http://www.books.com.tw/products/0010768736?loc=P_011_019", "http://www.books.com.tw/products/0010768443?loc=P_011_020", "http://www.books.com.tw/products/0010767876?loc=P_011_021", "http://www.books.com.tw/products/0010768308?loc=P_011_022", "http://www.books.com.tw/products/0010768071?loc=P_011_023", "http://www.books.com.tw/products/0010768073?loc=P_011_024", "http://www.books.com.tw/products/0010767089?loc=P_011_025", "http://www.books.com.tw/products/0010767265?loc=P_011_026", "http://www.books.com.tw/products/0010766150?loc=P_011_027", "http://www.books.com.tw/products/0010766160?loc=P_011_028", "http://www.books.com.tw/products/0010766999?loc=P_011_029", "http://www.books.com.tw/products/0010767227?loc=P_011_030", "http://www.books.com.tw/products/0010766546?loc=P_011_031", "http://www.books.com.tw/products/0010766552?loc=P_011_032", "http://www.books.com.tw/products/0010766555?loc=P_011_033", "http://www.books.com.tw/products/0010765534?loc=P_011_034", "http://www.books.com.tw/products/0010766393?loc=P_011_035", "http://www.books.com.tw/products/0010765676?loc=P_011_036", "http://www.books.com.tw/products/0010765677?loc=P_011_037", "http://www.books.com.tw/products/0010765606?loc=P_011_038", "http://www.books.com.tw/products/0010764470?loc=P_011_039", "http://www.books.com.tw/products/0010764471?loc=P_011_040", "http://www.books.com.tw/products/0010765249?loc=P_011_041", "http://www.books.com.tw/products/0010764365?loc=P_011_042", "http://www.books.com.tw/products/0010763956?loc=P_011_043", "http://www.books.com.tw/products/0010763960?loc=P_011_044", "http://www.books.com.tw/products/0010764208?loc=P_011_045", "http://www.books.com.tw/products/0010764211?loc=P_011_046", "http://www.books.com.tw/products/0010764214?loc=P_011_047", "http://www.books.com.tw/products/0010763616?loc=P_011_048", "http://www.books.com.tw/products/0010763355?loc=P_011_049", "http://www.books.com.tw/products/0010763389?loc=P_011_050", "http://www.books.com.tw/products/0010763393?loc=P_011_051", "http://www.books.com.tw/products/0010763582?loc=P_011_052", "http://www.books.com.tw/products/0010763586?loc=P_011_053", "http://www.books.com.tw/products/0010762608?loc=P_011_054", "http://www.books.com.tw/products/0010760892?loc=P_011_055", "http://www.books.com.tw/products/0010762687?loc=P_011_056", "http://www.books.com.tw/products/0010762819?loc=P_011_057", "http://www.books.com.tw/products/0010762823?loc=P_011_058", "http://www.books.com.tw/products/0010762828?loc=P_011_059", "http://www.books.com.tw/products/0010762835?loc=P_011_060", "http://www.books.com.tw/products/0010756060?loc=P_011_061", "http://www.books.com.tw/products/0010761265?loc=P_011_062", "http://www.books.com.tw/products/0010761713?loc=P_011_063", "http://www.books.com.tw/products/0010762437?loc=P_011_064", "http://www.books.com.tw/products/0010762440?loc=P_011_065", "http://www.books.com.tw/products/0010762445?loc=P_011_066", "http://www.books.com.tw/products/0010762448?loc=P_011_067", "http://www.books.com.tw/products/0010761094?loc=P_011_068", "http://www.books.com.tw/products/0010762190?loc=P_011_069", "http://www.books.com.tw/products/0010762321?loc=P_011_070", "http://www.books.com.tw/products/0010761976?loc=P_011_071", "http://www.books.com.tw/products/0010761981?loc=P_011_072", "http://www.books.com.tw/products/0010762168?loc=P_011_073", "http://www.books.com.tw/products/0010762177?loc=P_011_074", "http://www.books.com.tw/products/0010760867?loc=P_011_075", "http://www.books.com.tw/products/0010760669?loc=P_011_076", "http://www.books.com.tw/products/0010570265?loc=P_011_077", "http://www.books.com.tw/products/0010759893?loc=P_011_078", "http://www.books.com.tw/products/0010759896?loc=P_011_079", "http://www.books.com.tw/products/0010760737?loc=P_011_080", "http://www.books.com.tw/products/0010759284?loc=P_011_081", "http://www.books.com.tw/products/0010759286?loc=P_011_082", "http://www.books.com.tw/products/0010760283?loc=P_011_083", "http://www.books.com.tw/products/0010759014?loc=P_011_084", "http://www.books.com.tw/products/0010759280?loc=P_011_085", "http://www.books.com.tw/products/0010759281?loc=P_011_086", "http://www.books.com.tw/products/0010373180?loc=P_011_087", "http://www.books.com.tw/products/0010758460?loc=P_011_088", "http://www.books.com.tw/products/0010759017?loc=P_011_089", "http://www.books.com.tw/products/0010758425?loc=P_011_090", "http://www.books.com.tw/products/0010756217?loc=P_011_091", "http://www.books.com.tw/products/0010758016?loc=P_011_092", "http://www.books.com.tw/products/0010757793?loc=P_011_093", "http://www.books.com.tw/products/0010756905?loc=P_011_094", "http://www.books.com.tw/products/0010757889?loc=P_011_095", "http://www.books.com.tw/products/0010757390?loc=P_011_096", "http://www.books.com.tw/products/0010756023?loc=P_011_097", "http://www.books.com.tw/products/0010756025?loc=P_011_098", "http://www.books.com.tw/products/0010756028?loc=P_011_099", "http://www.books.com.tw/products/0010756035?loc=P_011_100", "http://www.books.com.tw/products/0010756555?loc=P_010_001", "http://www.books.com.tw/products/0010755495?loc=P_010_002", "http://www.books.com.tw/products/0010755205?loc=P_010_003", "http://www.books.com.tw/products/0010755238?loc=P_010_004", "http://www.books.com.tw/products/0010755267?loc=P_010_005", "http://www.books.com.tw/products/0010755232?loc=P_010_006", "http://www.books.com.tw/products/0010755272?loc=P_010_007", "http://www.books.com.tw/products/0010754676?loc=P_010_008", "http://www.books.com.tw/products/0010754533?loc=P_010_009", "http://www.books.com.tw/products/0010752323?loc=P_010_010", "http://www.books.com.tw/products/0010752377?loc=P_010_011", "http://www.books.com.tw/products/0010752380?loc=P_010_012", "http://www.books.com.tw/products/0010752383?loc=P_010_013", "http://www.books.com.tw/products/0010754340?loc=P_010_014", "http://www.books.com.tw/products/0010754350?loc=P_010_015", "http://www.books.com.tw/products/0010754352?loc=P_010_016", "http://www.books.com.tw/products/0010754332?loc=P_010_017", "http://www.books.com.tw/products/0010753139?loc=P_010_018", "http://www.books.com.tw/products/0010754633?loc=P_010_019", "http://www.books.com.tw/products/0010753420?loc=P_010_020", "http://www.books.com.tw/products/0010753807?loc=P_010_021", "http://www.books.com.tw/products/0010753410?loc=P_010_022", "http://www.books.com.tw/products/0010753422?loc=P_010_023", "http://www.books.com.tw/products/0010753471?loc=P_010_024", "http://www.books.com.tw/products/0010753472?loc=P_010_025", "http://www.books.com.tw/products/0010753468?loc=P_010_026", "http://www.books.com.tw/products/0010748759?loc=P_010_027", "http://www.books.com.tw/products/0010752280?loc=P_010_028", "http://www.books.com.tw/products/0010752292?loc=P_010_029", "http://www.books.com.tw/products/0010752288?loc=P_010_030", "http://www.books.com.tw/products/0010750175?loc=P_010_031", "http://www.books.com.tw/products/0010752263?loc=P_010_032", "http://www.books.com.tw/products/0010752279?loc=P_010_033", "http://www.books.com.tw/products/0010752269?loc=P_010_034", "http://www.books.com.tw/products/0010751091?loc=P_010_035", "http://www.books.com.tw/products/0010750131?loc=P_010_036", "http://www.books.com.tw/products/0010750679?loc=P_010_037", "http://www.books.com.tw/products/0010750507?loc=P_010_038", "http://www.books.com.tw/products/0010751351?loc=P_010_039", "http://www.books.com.tw/products/0010751357?loc=P_010_040", "http://www.books.com.tw/products/0010751364?loc=P_010_041", "http://www.books.com.tw/products/0010750363?loc=P_010_042", "http://www.books.com.tw/products/0010750181?loc=P_010_043", "http://www.books.com.tw/products/0010751006?loc=P_010_044", "http://www.books.com.tw/products/0010749906?loc=P_010_045", "http://www.books.com.tw/products/0010750044?loc=P_010_046", "http://www.books.com.tw/products/0010749908?loc=P_010_047", "http://www.books.com.tw/products/0010747385?loc=P_010_048", "http://www.books.com.tw/products/0010749124?loc=P_010_049", "http://www.books.com.tw/products/0010749127?loc=P_010_050", "http://www.books.com.tw/products/0010749130?loc=P_010_051", "http://www.books.com.tw/products/0010747329?loc=P_010_052", "http://www.books.com.tw/products/0010747261?loc=P_010_053", "http://www.books.com.tw/products/0010748420?loc=P_010_054", "http://www.books.com.tw/products/0010747318?loc=P_010_055", "http://www.books.com.tw/products/0010746917?loc=P_010_056", "http://www.books.com.tw/products/0010747322?loc=P_010_057", "http://www.books.com.tw/products/0010745809?loc=P_010_058", "http://www.books.com.tw/products/0010747574?loc=P_010_059", "http://www.books.com.tw/products/0010743184?loc=P_010_060", "http://www.books.com.tw/products/0010747221?loc=P_010_061", "http://www.books.com.tw/products/0010746854?loc=P_010_062", "http://www.books.com.tw/products/0010747058?loc=P_010_063", "http://www.books.com.tw/products/0010746501?loc=P_010_064", "http://www.books.com.tw/products/0010746504?loc=P_010_065", "http://www.books.com.tw/products/0010746512?loc=P_010_066", "http://www.books.com.tw/products/0010746514?loc=P_010_067", "http://www.books.com.tw/products/0010746241?loc=P_010_068", "http://www.books.com.tw/products/0010746161?loc=P_010_069", "http://www.books.com.tw/products/0010744742?loc=P_010_070", "http://www.books.com.tw/products/0010745538?loc=P_010_071", "http://www.books.com.tw/products/0010745641?loc=P_010_072", "http://www.books.com.tw/products/0010745643?loc=P_010_073", "http://www.books.com.tw/products/0010745028?loc=P_010_074", "http://www.books.com.tw/products/0010745639?loc=P_010_075", "http://www.books.com.tw/products/0010745256?loc=P_010_076", "http://www.books.com.tw/products/0010745258?loc=P_010_077", "http://www.books.com.tw/products/0010743938?loc=P_010_078", "http://www.books.com.tw/products/0010743934?loc=P_010_079", "http://www.books.com.tw/products/0010744347?loc=P_010_080", "http://www.books.com.tw/products/0010744349?loc=P_010_081", "http://www.books.com.tw/products/0010741795?loc=P_010_082", "http://www.books.com.tw/products/0010742605?loc=P_010_083", "http://www.books.com.tw/products/0010742611?loc=P_010_084", "http://www.books.com.tw/products/0010742423?loc=P_010_085", "http://www.books.com.tw/products/0010742383?loc=P_010_086", "http://www.books.com.tw/products/0010742326?loc=P_010_087", "http://www.books.com.tw/products/0010741978?loc=P_010_088", "http://www.books.com.tw/products/0010742146?loc=P_010_089", "http://www.books.com.tw/products/0010740911?loc=P_010_090", "http://www.books.com.tw/products/0010742154?loc=P_010_091", "http://www.books.com.tw/products/0010742155?loc=P_010_092", "http://www.books.com.tw/products/0010742158?loc=P_010_093", "http://www.books.com.tw/products/0010742157?loc=P_010_094", "http://www.books.com.tw/products/0010741083?loc=P_010_095", "http://www.books.com.tw/products/0010739402?loc=P_010_096", "http://www.books.com.tw/products/0010740234?loc=P_010_097", "http://www.books.com.tw/products/0010740141?loc=P_010_098", "http://www.books.com.tw/products/0010738909?loc=P_010_099", "http://www.books.com.tw/products/0010738915?loc=P_010_100", "http://www.books.com.tw/products/0010739597?loc=P_010_001", "http://www.books.com.tw/products/0010740186?loc=P_010_002", "http://www.books.com.tw/products/0010740189?loc=P_010_003", "http://www.books.com.tw/products/0010740195?loc=P_010_004", "http://www.books.com.tw/products/0010738844?loc=P_010_005", "http://www.books.com.tw/products/0010739252?loc=P_010_006", "http://www.books.com.tw/products/0010739254?loc=P_010_007", "http://www.books.com.tw/products/0010740249?loc=P_010_008", "http://www.books.com.tw/products/0010738550?loc=P_010_009", "http://www.books.com.tw/products/0010738545?loc=P_010_010", "http://www.books.com.tw/products/0010737997?loc=P_010_011", "http://www.books.com.tw/products/0010738641?loc=P_010_012", "http://www.books.com.tw/products/0010734632?loc=P_010_013", "http://www.books.com.tw/products/0010737707?loc=P_010_014", "http://www.books.com.tw/products/0010738279?loc=P_010_015", "http://www.books.com.tw/products/0010737224?loc=P_010_016", "http://www.books.com.tw/products/0010735623?loc=P_010_017", "http://www.books.com.tw/products/0010737727?loc=P_010_018", "http://www.books.com.tw/products/0010736481?loc=P_010_019", "http://www.books.com.tw/products/0010736484?loc=P_010_020", "http://www.books.com.tw/products/0010736895?loc=P_010_021", "http://www.books.com.tw/products/0010736908?loc=P_010_022", "http://www.books.com.tw/products/0010735920?loc=P_010_023", "http://www.books.com.tw/products/0010737092?loc=P_010_024", "http://www.books.com.tw/products/0010735571?loc=P_010_025", "http://www.books.com.tw/products/0010736017?loc=P_010_026", "http://www.books.com.tw/products/0010736021?loc=P_010_027", "http://www.books.com.tw/products/0010736023?loc=P_010_028", "http://www.books.com.tw/products/0010734853?loc=P_010_029", "http://www.books.com.tw/products/0010735289?loc=P_010_030", "http://www.books.com.tw/products/0010735293?loc=P_010_031", "http://www.books.com.tw/products/0010735295?loc=P_010_032", "http://www.books.com.tw/products/0010735297?loc=P_010_033", "http://www.books.com.tw/products/0010734786?loc=P_010_034", "http://www.books.com.tw/products/0010728131?loc=P_010_035", "http://www.books.com.tw/products/0010735247?loc=P_010_036", "http://www.books.com.tw/products/0010735250?loc=P_010_037", "http://www.books.com.tw/products/0010733376?loc=P_010_038", "http://www.books.com.tw/products/0010733480?loc=P_010_039", "http://www.books.com.tw/products/0010735000?loc=P_010_040", "http://www.books.com.tw/products/0010735003?loc=P_010_041", "http://www.books.com.tw/products/0010734485?loc=P_010_042", "http://www.books.com.tw/products/0010734487?loc=P_010_043", "http://www.books.com.tw/products/0010733922?loc=P_010_044", "http://www.books.com.tw/products/0010733382?loc=P_010_045", "http://www.books.com.tw/products/0010733388?loc=P_010_046", "http://www.books.com.tw/products/0010733394?loc=P_010_047", "http://www.books.com.tw/products/0010733398?loc=P_010_048", "http://www.books.com.tw/products/0010732780?loc=P_010_049", "http://www.books.com.tw/products/0010732871?loc=P_010_050", "http://www.books.com.tw/products/0010732878?loc=P_010_051", "http://www.books.com.tw/products/0010732882?loc=P_010_052", "http://www.books.com.tw/products/0010733313?loc=P_010_053", "http://www.books.com.tw/products/0010732287?loc=P_010_054", "http://www.books.com.tw/products/0010730865?loc=P_010_055", "http://www.books.com.tw/products/0010730872?loc=P_010_056", "http://www.books.com.tw/products/0010731603?loc=P_010_057", "http://www.books.com.tw/products/0010730412?loc=P_010_058", "http://www.books.com.tw/products/0010730415?loc=P_010_059", "http://www.books.com.tw/products/0010730418?loc=P_010_060", "http://www.books.com.tw/products/0010731519?loc=P_010_061", "http://www.books.com.tw/products/0010731523?loc=P_010_062", "http://www.books.com.tw/products/0010731524?loc=P_010_063", "http://www.books.com.tw/products/0010730913?loc=P_010_064", "http://www.books.com.tw/products/0010730917?loc=P_010_065", "http://www.books.com.tw/products/0010730918?loc=P_010_066", "http://www.books.com.tw/products/0010729873?loc=P_010_067", "http://www.books.com.tw/products/0010729875?loc=P_010_068", "http://www.books.com.tw/products/0010729747?loc=P_010_069", "http://www.books.com.tw/products/0010729748?loc=P_010_070", "http://www.books.com.tw/products/0010729754?loc=P_010_071", "http://www.books.com.tw/products/0010729756?loc=P_010_072", "http://www.books.com.tw/products/0010729572?loc=P_010_073", "http://www.books.com.tw/products/0010726278?loc=P_010_074", "http://www.books.com.tw/products/0010729010?loc=P_010_075", "http://www.books.com.tw/products/0010728990?loc=P_010_076", "http://www.books.com.tw/products/0010728613?loc=P_010_077", "http://www.books.com.tw/products/0010727969?loc=P_010_078", "http://www.books.com.tw/products/0010726361?loc=P_010_079", "http://www.books.com.tw/products/0010726995?loc=P_010_080", "http://www.books.com.tw/products/0010726002?loc=P_010_081", "http://www.books.com.tw/products/0010726991?loc=P_010_082", "http://www.books.com.tw/products/0010727001?loc=P_010_083", "http://www.books.com.tw/products/0010727931?loc=P_010_084", "http://www.books.com.tw/products/0010727935?loc=P_010_085", "http://www.books.com.tw/products/0010727938?loc=P_010_086", "http://www.books.com.tw/products/0010726996?loc=P_010_087", "http://www.books.com.tw/products/0010741495?loc=P_010_088", "http://www.books.com.tw/products/0010770281?loc=P_010_089", "http://www.books.com.tw/products/0010770282?loc=P_010_090", "http://www.books.com.tw/products/0010726124?loc=P_010_091", "http://www.books.com.tw/products/0010726126?loc=P_010_092", "http://www.books.com.tw/products/0010726133?loc=P_010_093", "http://www.books.com.tw/products/0010726139?loc=P_010_094", "http://www.books.com.tw/products/0010725087?loc=P_010_095", "http://www.books.com.tw/products/0010725863?loc=P_010_096", "http://www.books.com.tw/products/0010725866?loc=P_010_097", "http://www.books.com.tw/products/0010725646?loc=P_010_098", "http://www.books.com.tw/products/0010725644?loc=P_010_099", "http://www.books.com.tw/products/0010724513?loc=P_010_100", "http://www.books.com.tw/products/0010723341?loc=P_010_001", "http://www.books.com.tw/products/0010724031?loc=P_010_002", "http://www.books.com.tw/products/0010724040?loc=P_010_003", "http://www.books.com.tw/products/0010724027?loc=P_010_004", "http://www.books.com.tw/products/0010367708?loc=P_010_005", "http://www.books.com.tw/products/0010723236?loc=P_010_006", "http://www.books.com.tw/products/0010723619?loc=P_010_007", "http://www.books.com.tw/products/0010723623?loc=P_010_008", "http://www.books.com.tw/products/0010724989?loc=P_010_009", "http://www.books.com.tw/products/0010725095?loc=P_010_010", "http://www.books.com.tw/products/0010725097?loc=P_010_011", "http://www.books.com.tw/products/0010722507?loc=P_010_012", "http://www.books.com.tw/products/0010722508?loc=P_010_013", "http://www.books.com.tw/products/0010723714?loc=P_010_014", "http://www.books.com.tw/products/0010723717?loc=P_010_015", "http://www.books.com.tw/products/0010723195?loc=P_010_016", "http://www.books.com.tw/products/0010722529?loc=P_010_017", "http://www.books.com.tw/products/0010723125?loc=P_010_018", "http://www.books.com.tw/products/0010722834?loc=P_010_019", "http://www.books.com.tw/products/0010722578?loc=P_010_020", "http://www.books.com.tw/products/0010722581?loc=P_010_021", "http://www.books.com.tw/products/0010721842?loc=P_010_022", "http://www.books.com.tw/products/0010719957?loc=P_010_023", "http://www.books.com.tw/products/0010721962?loc=P_010_024", "http://www.books.com.tw/products/0010721964?loc=P_010_025", "http://www.books.com.tw/products/0010720460?loc=P_010_026", "http://www.books.com.tw/products/0010721122?loc=P_010_027", "http://www.books.com.tw/products/0010721653?loc=P_010_028", "http://www.books.com.tw/products/0010720570?loc=P_010_029", "http://www.books.com.tw/products/0010720656?loc=P_010_030", "http://www.books.com.tw/products/0010721861?loc=P_010_031", "http://www.books.com.tw/products/0010721884?loc=P_010_032", "http://www.books.com.tw/products/0010720369?loc=P_010_033", "http://www.books.com.tw/products/0010720050?loc=P_010_034", "http://www.books.com.tw/products/0010719494?loc=P_010_035", "http://www.books.com.tw/products/0010719499?loc=P_010_036", "http://www.books.com.tw/products/0010719407?loc=P_010_037", "http://www.books.com.tw/products/0010719412?loc=P_010_038", "http://www.books.com.tw/products/0010719765?loc=P_010_039", "http://www.books.com.tw/products/0010721729?loc=P_010_040", "http://www.books.com.tw/products/0010718899?loc=P_010_041", "http://www.books.com.tw/products/0010718516?loc=P_010_042", "http://www.books.com.tw/products/0010718518?loc=P_010_043", "http://www.books.com.tw/products/0010718225?loc=P_010_044", "http://www.books.com.tw/products/0010718234?loc=P_010_045", "http://www.books.com.tw/products/0010717933?loc=P_010_046", "http://www.books.com.tw/products/0010718932?loc=P_010_047", "http://www.books.com.tw/products/0010718933?loc=P_010_048", "http://www.books.com.tw/products/0010717481?loc=P_010_049", "http://www.books.com.tw/products/0010718326?loc=P_010_050", "http://www.books.com.tw/products/0010717379?loc=P_010_051", "http://www.books.com.tw/products/0010716768?loc=P_010_052", "http://www.books.com.tw/products/0010716784?loc=P_010_053", "http://www.books.com.tw/products/0010717122?loc=P_010_054", "http://www.books.com.tw/products/0010717833?loc=P_010_055", "http://www.books.com.tw/products/0010717842?loc=P_010_056", "http://www.books.com.tw/products/0010716086?loc=P_010_057", "http://www.books.com.tw/products/0010716089?loc=P_010_058", "http://www.books.com.tw/products/0010716093?loc=P_010_059", "http://www.books.com.tw/products/0010715024?loc=P_010_060", "http://www.books.com.tw/products/0010715032?loc=P_010_061", "http://www.books.com.tw/products/0010715033?loc=P_010_062", "http://www.books.com.tw/products/0010716123?loc=P_010_063", "http://www.books.com.tw/products/0010714968?loc=P_010_064", "http://www.books.com.tw/products/0010716120?loc=P_010_065", "http://www.books.com.tw/products/0010714321?loc=P_010_066", "http://www.books.com.tw/products/0010713742?loc=P_010_067", "http://www.books.com.tw/products/0010714167?loc=P_010_068", "http://www.books.com.tw/products/0010714397?loc=P_010_069", "http://www.books.com.tw/products/0010714401?loc=P_010_070", "http://www.books.com.tw/products/0010714405?loc=P_010_071", "http://www.books.com.tw/products/0010714412?loc=P_010_072", "http://www.books.com.tw/products/0010714390?loc=P_010_073", "http://www.books.com.tw/products/0010714393?loc=P_010_074", "http://www.books.com.tw/products/0010713741?loc=P_010_075", "http://www.books.com.tw/products/0010713932?loc=P_010_076", "http://www.books.com.tw/products/0010713933?loc=P_010_077", "http://www.books.com.tw/products/0010713996?loc=P_010_078", "http://www.books.com.tw/products/0010713421?loc=P_010_079", "http://www.books.com.tw/products/0010713450?loc=P_010_080", "http://www.books.com.tw/products/0010710717?loc=P_010_081", "http://www.books.com.tw/products/0010708560?loc=P_010_082", "http://www.books.com.tw/products/0010712628?loc=P_010_083", "http://www.books.com.tw/products/0010712630?loc=P_010_084", "http://www.books.com.tw/products/0010712633?loc=P_010_085", "http://www.books.com.tw/products/0010712243?loc=P_010_086", "http://www.books.com.tw/products/0010712206?loc=P_010_087", "http://www.books.com.tw/products/0010713228?loc=P_010_088", "http://www.books.com.tw/products/0010711456?loc=P_010_089", "http://www.books.com.tw/products/0010710759?loc=P_010_090", "http://www.books.com.tw/products/0010710771?loc=P_010_091", "http://www.books.com.tw/products/0010708813?loc=P_010_092", "http://www.books.com.tw/products/0010711055?loc=P_010_093", "http://www.books.com.tw/products/0010710105?loc=P_010_094", "http://www.books.com.tw/products/0010705629?loc=P_010_095", "http://www.books.com.tw/products/0010708886?loc=P_010_096", "http://www.books.com.tw/products/0010708892?loc=P_010_097", "http://www.books.com.tw/products/0010708893?loc=P_010_098", "http://www.books.com.tw/products/0010710537?loc=P_010_099", "http://www.books.com.tw/products/0010710539?loc=P_010_100", "http://www.books.com.tw/products/0010709233?loc=P_010_001", "http://www.books.com.tw/products/0010708515?loc=P_010_002", "http://www.books.com.tw/products/0010707845?loc=P_010_003", "http://www.books.com.tw/products/0010708828?loc=P_010_004", "http://www.books.com.tw/products/0010708266?loc=P_010_005", "http://www.books.com.tw/products/0010707704?loc=P_010_006", "http://www.books.com.tw/products/0010707615?loc=P_010_007", "http://www.books.com.tw/products/0010707379?loc=P_010_008", "http://www.books.com.tw/products/0010707391?loc=P_010_009", "http://www.books.com.tw/products/0010707394?loc=P_010_010", "http://www.books.com.tw/products/0010707194?loc=P_010_011", "http://www.books.com.tw/products/0010707196?loc=P_010_012", "http://www.books.com.tw/products/0010707197?loc=P_010_013", "http://www.books.com.tw/products/0010706606?loc=P_010_014", "http://www.books.com.tw/products/0010706611?loc=P_010_015", "http://www.books.com.tw/products/0010706620?loc=P_010_016", "http://www.books.com.tw/products/0010706624?loc=P_010_017", "http://www.books.com.tw/products/0010707432?loc=P_010_018", "http://www.books.com.tw/products/0010707437?loc=P_010_019", "http://www.books.com.tw/products/0010707436?loc=P_010_020", "http://www.books.com.tw/products/0010705831?loc=P_010_021", "http://www.books.com.tw/products/0010704736?loc=P_010_022", "http://www.books.com.tw/products/0010704812?loc=P_010_023", "http://www.books.com.tw/products/0010705837?loc=P_010_024", "http://www.books.com.tw/products/0010704770?loc=P_010_025", "http://www.books.com.tw/products/0010705208?loc=P_010_026", "http://www.books.com.tw/products/0010704265?loc=P_010_027", "http://www.books.com.tw/products/0010704347?loc=P_010_028", "http://www.books.com.tw/products/0010703858?loc=P_010_029", "http://www.books.com.tw/products/0010703861?loc=P_010_030", "http://www.books.com.tw/products/0010703862?loc=P_010_031", "http://www.books.com.tw/products/0010703864?loc=P_010_032", "http://www.books.com.tw/products/0010703108?loc=P_010_033", "http://www.books.com.tw/products/0010703111?loc=P_010_034", "http://www.books.com.tw/products/0010703344?loc=P_010_035", "http://www.books.com.tw/products/0010702758?loc=P_010_036", "http://www.books.com.tw/products/0010702231?loc=P_010_037", "http://www.books.com.tw/products/0010703057?loc=P_010_038", "http://www.books.com.tw/products/0010703059?loc=P_010_039", "http://www.books.com.tw/products/0010702400?loc=P_010_040", "http://www.books.com.tw/products/0010702751?loc=P_010_041", "http://www.books.com.tw/products/0010701639?loc=P_010_042", "http://www.books.com.tw/products/0010701443?loc=P_010_043", "http://www.books.com.tw/products/0010701445?loc=P_010_044", "http://www.books.com.tw/products/0010701880?loc=P_010_045", "http://www.books.com.tw/products/0010700678?loc=P_010_046", "http://www.books.com.tw/products/0010700683?loc=P_010_047", "http://www.books.com.tw/products/0010699806?loc=P_010_048", "http://www.books.com.tw/products/0010699808?loc=P_010_049", "http://www.books.com.tw/products/0010699811?loc=P_010_050", "http://www.books.com.tw/products/0010699901?loc=P_010_051", "http://www.books.com.tw/products/0010699025?loc=P_010_052", "http://www.books.com.tw/products/0010699042?loc=P_010_053", "http://www.books.com.tw/products/0010698485?loc=P_010_054", "http://www.books.com.tw/products/0010699460?loc=P_010_055", "http://www.books.com.tw/products/0010698547?loc=P_010_056", "http://www.books.com.tw/products/0010697490?loc=P_010_057", "http://www.books.com.tw/products/0010697501?loc=P_010_058", "http://www.books.com.tw/products/0010697515?loc=P_010_059", "http://www.books.com.tw/products/0010695733?loc=P_010_060", "http://www.books.com.tw/products/0010697818?loc=P_010_061", "http://www.books.com.tw/products/0010697820?loc=P_010_062", "http://www.books.com.tw/products/0010698161?loc=P_010_063", "http://www.books.com.tw/products/0010697451?loc=P_010_064", "http://www.books.com.tw/products/0010696709?loc=P_010_065", "http://www.books.com.tw/products/0010697549?loc=P_010_066", "http://www.books.com.tw/products/0010697550?loc=P_010_067", "http://www.books.com.tw/products/0010695748?loc=P_010_068", "http://www.books.com.tw/products/0010695366?loc=P_010_069", "http://www.books.com.tw/products/0010695369?loc=P_010_070", "http://www.books.com.tw/products/0010695374?loc=P_010_071", "http://www.books.com.tw/products/0010695092?loc=P_010_072", "http://www.books.com.tw/products/0010694850?loc=P_010_073", "http://www.books.com.tw/products/0010694875?loc=P_010_074", "http://www.books.com.tw/products/0010693818?loc=P_010_075", "http://www.books.com.tw/products/0010693960?loc=P_010_076", "http://www.books.com.tw/products/0010694512?loc=P_010_077", "http://www.books.com.tw/products/0010694513?loc=P_010_078", "http://www.books.com.tw/products/0010694780?loc=P_010_079", "http://www.books.com.tw/products/0010693616?loc=P_010_080", "http://www.books.com.tw/products/0010693624?loc=P_010_081", "http://www.books.com.tw/products/0010693628?loc=P_010_082", "http://www.books.com.tw/products/0010691468?loc=P_010_083", "http://www.books.com.tw/products/0010690651?loc=P_010_084", "http://www.books.com.tw/products/0010690831?loc=P_010_085", "http://www.books.com.tw/products/0010689900?loc=P_010_086", "http://www.books.com.tw/products/0010689982?loc=P_010_087", "http://www.books.com.tw/products/0010690079?loc=P_010_088", "http://www.books.com.tw/products/0010690675?loc=P_010_089", "http://www.books.com.tw/products/0010690077?loc=P_010_090", "http://www.books.com.tw/products/0010689419?loc=P_010_091", "http://www.books.com.tw/products/0010689424?loc=P_010_092", "http://www.books.com.tw/products/0010689408?loc=P_010_093", "http://www.books.com.tw/products/0010689410?loc=P_010_094", "http://www.books.com.tw/products/0010689767?loc=P_010_095", "http://www.books.com.tw/products/0010689984?loc=P_010_096", "http://www.books.com.tw/products/0010689989?loc=P_010_097", "http://www.books.com.tw/products/0010687625?loc=P_010_098", "http://www.books.com.tw/products/0010687629?loc=P_010_099", "http://www.books.com.tw/products/0010689005?loc=P_010_100", "http://www.books.com.tw/products/0010689192?loc=P_010_001", "http://www.books.com.tw/products/0010687438?loc=P_010_002", "http://www.books.com.tw/products/0010687440?loc=P_010_003", "http://www.books.com.tw/products/0010687538?loc=P_010_004", "http://www.books.com.tw/products/0010687038?loc=P_010_005", "http://www.books.com.tw/products/0010687618?loc=P_010_006", "http://www.books.com.tw/products/0010686510?loc=P_010_007", "http://www.books.com.tw/products/0010686643?loc=P_010_008", "http://www.books.com.tw/products/0010686645?loc=P_010_009", "http://www.books.com.tw/products/0010686648?loc=P_010_010", "http://www.books.com.tw/products/0010685878?loc=P_010_011", "http://www.books.com.tw/products/0010686741?loc=P_010_012", "http://www.books.com.tw/products/0010680647?loc=P_010_013", "http://www.books.com.tw/products/0010684865?loc=P_010_014", "http://www.books.com.tw/products/0010684869?loc=P_010_015", "http://www.books.com.tw/products/0010684875?loc=P_010_016", "http://www.books.com.tw/products/0010685238?loc=P_010_017", "http://www.books.com.tw/products/0010686167?loc=P_010_018", "http://www.books.com.tw/products/0010686170?loc=P_010_019", "http://www.books.com.tw/products/0010686178?loc=P_010_020", "http://www.books.com.tw/products/0010685453?loc=P_010_021", "http://www.books.com.tw/products/0010683632?loc=P_010_022", "http://www.books.com.tw/products/0010684386?loc=P_010_023", "http://www.books.com.tw/products/0010685531?loc=P_010_024", "http://www.books.com.tw/products/0010684504?loc=P_010_025", "http://www.books.com.tw/products/0010683237?loc=P_010_026", "http://www.books.com.tw/products/0010682947?loc=P_010_027", "http://www.books.com.tw/products/0010682949?loc=P_010_028", "http://www.books.com.tw/products/0010683233?loc=P_010_029", "http://www.books.com.tw/products/0010683851?loc=P_010_030", "http://www.books.com.tw/products/0010683853?loc=P_010_031", "http://www.books.com.tw/products/0010682214?loc=P_010_032", "http://www.books.com.tw/products/0010680542?loc=P_010_033", "http://www.books.com.tw/products/0010679403?loc=P_010_034", "http://www.books.com.tw/products/0010679703?loc=P_010_035", "http://www.books.com.tw/products/0010679709?loc=P_010_036", "http://www.books.com.tw/products/0010681238?loc=P_010_037", "http://www.books.com.tw/products/0010678593?loc=P_010_038", "http://www.books.com.tw/products/0010678595?loc=P_010_039", "http://www.books.com.tw/products/0010678598?loc=P_010_040", "http://www.books.com.tw/products/0010675691?loc=P_010_041", "http://www.books.com.tw/products/0010675704?loc=P_010_042", "http://www.books.com.tw/products/0010677243?loc=P_010_043", "http://www.books.com.tw/products/0010679525?loc=P_010_044", "http://www.books.com.tw/products/0010679879?loc=P_010_045", "http://www.books.com.tw/products/0010679883?loc=P_010_046", "http://www.books.com.tw/products/0010676388?loc=P_010_047", "http://www.books.com.tw/products/0010676393?loc=P_010_048", "http://www.books.com.tw/products/0010676368?loc=P_010_049", "http://www.books.com.tw/products/0010676483?loc=P_010_050", "http://www.books.com.tw/products/0010676486?loc=P_010_051", "http://www.books.com.tw/products/0010674761?loc=P_010_052", "http://www.books.com.tw/products/0010676582?loc=P_010_053", "http://www.books.com.tw/products/0010675333?loc=P_010_054", "http://www.books.com.tw/products/0010675336?loc=P_010_055", "http://www.books.com.tw/products/0010675343?loc=P_010_056", "http://www.books.com.tw/products/0010676492?loc=P_010_057", "http://www.books.com.tw/products/0010676494?loc=P_010_058", "http://www.books.com.tw/products/0010675824?loc=P_010_059", "http://www.books.com.tw/products/0010674072?loc=P_010_060", "http://www.books.com.tw/products/0010673871?loc=P_010_061", "http://www.books.com.tw/products/0010673875?loc=P_010_062", "http://www.books.com.tw/products/0010673878?loc=P_010_063", "http://www.books.com.tw/products/0010673880?loc=P_010_064", "http://www.books.com.tw/products/0010673885?loc=P_010_065", "http://www.books.com.tw/products/0010672438?loc=P_010_066", "http://www.books.com.tw/products/0010672439?loc=P_010_067", "http://www.books.com.tw/products/0010673013?loc=P_010_068", "http://www.books.com.tw/products/0010673014?loc=P_010_069", "http://www.books.com.tw/products/0010673110?loc=P_010_070", "http://www.books.com.tw/products/0010672497?loc=P_010_071", "http://www.books.com.tw/products/0010725844?loc=P_010_072", "http://www.books.com.tw/products/0010671692?loc=P_010_073", "http://www.books.com.tw/products/0010671709?loc=P_010_074", "http://www.books.com.tw/products/0010671749?loc=P_010_075", "http://www.books.com.tw/products/0010672416?loc=P_010_076", "http://www.books.com.tw/products/0010672429?loc=P_010_077", "http://www.books.com.tw/products/0010672431?loc=P_010_078", "http://www.books.com.tw/products/0010671759?loc=P_010_079", "http://www.books.com.tw/products/0010671667?loc=P_010_080", "http://www.books.com.tw/products/0010671675?loc=P_010_081", "http://www.books.com.tw/products/0010672451?loc=P_010_082", "http://www.books.com.tw/products/0010672452?loc=P_010_083", "http://www.books.com.tw/products/0010671236?loc=P_010_084", "http://www.books.com.tw/products/0010670544?loc=P_010_085", "http://www.books.com.tw/products/0010668307?loc=P_010_086", "http://www.books.com.tw/products/0010670237?loc=P_010_087", "http://www.books.com.tw/products/0010670239?loc=P_010_088", "http://www.books.com.tw/products/0010670292?loc=P_010_089", "http://www.books.com.tw/products/0010670295?loc=P_010_090", "http://www.books.com.tw/products/0010670296?loc=P_010_091", "http://www.books.com.tw/products/0010670297?loc=P_010_092", "http://www.books.com.tw/products/0010669799?loc=P_010_093", "http://www.books.com.tw/products/0010669880?loc=P_010_094", "http://www.books.com.tw/products/0010669298?loc=P_010_095", "http://www.books.com.tw/products/0010669377?loc=P_010_096", "http://www.books.com.tw/products/0010669457?loc=P_010_097", "http://www.books.com.tw/products/0010669158?loc=P_010_098", "http://www.books.com.tw/products/0010667947?loc=P_010_099", "http://www.books.com.tw/products/0010668963?loc=P_010_100", "http://www.books.com.tw/products/0010668965?loc=P_010_001", "http://www.books.com.tw/products/0010668968?loc=P_010_002", "http://www.books.com.tw/products/0010668970?loc=P_010_003", "http://www.books.com.tw/products/0010668489?loc=P_010_004", "http://www.books.com.tw/products/0010668496?loc=P_010_005", "http://www.books.com.tw/products/0010668017?loc=P_010_006", "http://www.books.com.tw/products/0010668023?loc=P_010_007", "http://www.books.com.tw/products/0010667664?loc=P_010_008", "http://www.books.com.tw/products/0010667669?loc=P_010_009", "http://www.books.com.tw/products/0010666633?loc=P_010_010", "http://www.books.com.tw/products/0010666636?loc=P_010_011", "http://www.books.com.tw/products/0010666639?loc=P_010_012", "http://www.books.com.tw/products/0010666592?loc=P_010_013", "http://www.books.com.tw/products/0010666594?loc=P_010_014", "http://www.books.com.tw/products/0010666596?loc=P_010_015", "http://www.books.com.tw/products/0010666140?loc=P_010_016", "http://www.books.com.tw/products/0010666137?loc=P_010_017", "http://www.books.com.tw/products/0010666150?loc=P_010_018", "http://www.books.com.tw/products/0010666154?loc=P_010_019", "http://www.books.com.tw/products/0010666157?loc=P_010_020", "http://www.books.com.tw/products/0010664795?loc=P_010_021", "http://www.books.com.tw/products/0010664799?loc=P_010_022", "http://www.books.com.tw/products/0010665935?loc=P_010_023", "http://www.books.com.tw/products/0010666000?loc=P_010_024", "http://www.books.com.tw/products/0010666002?loc=P_010_025", "http://www.books.com.tw/products/0010666003?loc=P_010_026", "http://www.books.com.tw/products/0010664969?loc=P_010_027", "http://www.books.com.tw/products/0010664974?loc=P_010_028", "http://www.books.com.tw/products/0010664979?loc=P_010_029", "http://www.books.com.tw/products/0010664984?loc=P_010_030", "http://www.books.com.tw/products/0010664996?loc=P_010_031", "http://www.books.com.tw/products/0010665501?loc=P_010_032", "http://www.books.com.tw/products/0010665503?loc=P_010_033", "http://www.books.com.tw/products/0010665505?loc=P_010_034", "http://www.books.com.tw/products/0010664133?loc=P_010_035", "http://www.books.com.tw/products/0010664136?loc=P_010_036", "http://www.books.com.tw/products/0010664142?loc=P_010_037", "http://www.books.com.tw/products/0010664148?loc=P_010_038", "http://www.books.com.tw/products/0010663619?loc=P_010_039", "http://www.books.com.tw/products/0010663252?loc=P_010_040", "http://www.books.com.tw/products/0010663259?loc=P_010_041", "http://www.books.com.tw/products/0010662707?loc=P_010_042", "http://www.books.com.tw/products/0010662708?loc=P_010_043", "http://www.books.com.tw/products/0010662709?loc=P_010_044", "http://www.books.com.tw/products/0010662710?loc=P_010_045", "http://www.books.com.tw/products/0010662712?loc=P_010_046", "http://www.books.com.tw/products/0010662028?loc=P_010_047", "http://www.books.com.tw/products/0010660877?loc=P_010_048", "http://www.books.com.tw/products/0010661133?loc=P_010_049", "http://www.books.com.tw/products/0010660932?loc=P_010_050", "http://www.books.com.tw/products/0010661156?loc=P_010_051", "http://www.books.com.tw/products/0010661159?loc=P_010_052", "http://www.books.com.tw/products/0010659277?loc=P_010_053", "http://www.books.com.tw/products/0010659281?loc=P_010_054", "http://www.books.com.tw/products/0010660425?loc=P_010_055", "http://www.books.com.tw/products/0010660429?loc=P_010_056", "http://www.books.com.tw/products/0010660434?loc=P_010_057", "http://www.books.com.tw/products/0010660439?loc=P_010_058", "http://www.books.com.tw/products/0010659928?loc=P_010_059", "http://www.books.com.tw/products/0010660168?loc=P_010_060", "http://www.books.com.tw/products/0010659654?loc=P_010_061", "http://www.books.com.tw/products/0010660489?loc=P_010_062", "http://www.books.com.tw/products/0010660490?loc=P_010_063", "http://www.books.com.tw/products/0010659985?loc=P_010_064", "http://www.books.com.tw/products/0010656585?loc=P_010_065", "http://www.books.com.tw/products/0010658333?loc=P_010_066", "http://www.books.com.tw/products/0010658395?loc=P_010_067", "http://www.books.com.tw/products/0010657788?loc=P_010_068", "http://www.books.com.tw/products/0010656633?loc=P_010_069", "http://www.books.com.tw/products/0010656636?loc=P_010_070", "http://www.books.com.tw/products/0010655201?loc=P_010_071", "http://www.books.com.tw/products/0010657225?loc=P_010_072", "http://www.books.com.tw/products/0010656622?loc=P_010_073", "http://www.books.com.tw/products/0010656626?loc=P_010_074", "http://www.books.com.tw/products/0010656196?loc=P_010_075", "http://www.books.com.tw/products/0010656363?loc=P_010_076", "http://www.books.com.tw/products/0010656631?loc=P_010_077", "http://www.books.com.tw/products/0010656634?loc=P_010_078", "http://www.books.com.tw/products/0010655055?loc=P_010_079", "http://www.books.com.tw/products/0010655556?loc=P_010_080", "http://www.books.com.tw/products/0010655560?loc=P_010_081", "http://www.books.com.tw/products/0010655563?loc=P_010_082", "http://www.books.com.tw/products/0010655565?loc=P_010_083", "http://www.books.com.tw/products/0010655952?loc=P_010_084", "http://www.books.com.tw/products/0010654768?loc=P_010_085", "http://www.books.com.tw/products/0010654771?loc=P_010_086", "http://www.books.com.tw/products/0010653937?loc=P_010_087", "http://www.books.com.tw/products/0010654509?loc=P_010_088", "http://www.books.com.tw/products/0010654511?loc=P_010_089", "http://www.books.com.tw/products/0010652089?loc=P_010_090", "http://www.books.com.tw/products/0010653621?loc=P_010_091", "http://www.books.com.tw/products/0010652092?loc=P_010_092", "http://www.books.com.tw/products/0010653554?loc=P_010_093", "http://www.books.com.tw/products/0010653489?loc=P_010_094", "http://www.books.com.tw/products/0010654060?loc=P_010_095", "http://www.books.com.tw/products/0010654063?loc=P_010_096", "http://www.books.com.tw/products/0010654074?loc=P_010_097", "http://www.books.com.tw/products/0010654384?loc=P_010_098", "http://www.books.com.tw/products/0010654386?loc=P_010_099", "http://www.books.com.tw/products/0010651031?loc=P_010_100", "http://www.books.com.tw/products/0010651982?loc=P_010_001", "http://www.books.com.tw/products/0010653674?loc=P_010_002", "http://www.books.com.tw/products/0010652338?loc=P_010_003", "http://www.books.com.tw/products/0010652339?loc=P_010_004", "http://www.books.com.tw/products/0010652341?loc=P_010_005", "http://www.books.com.tw/products/0010651501?loc=P_010_006", "http://www.books.com.tw/products/0010651505?loc=P_010_007", "http://www.books.com.tw/products/0010651517?loc=P_010_008", "http://www.books.com.tw/products/0010651520?loc=P_010_009", "http://www.books.com.tw/products/0010650271?loc=P_010_010", "http://www.books.com.tw/products/0010653068?loc=P_010_011", "http://www.books.com.tw/products/0010651313?loc=P_010_012", "http://www.books.com.tw/products/0010651335?loc=P_010_013", "http://www.books.com.tw/products/0010650663?loc=P_010_014", "http://www.books.com.tw/products/0010649820?loc=P_010_015", "http://www.books.com.tw/products/0010651289?loc=P_010_016", "http://www.books.com.tw/products/0010650571?loc=P_010_017", "http://www.books.com.tw/products/0010650577?loc=P_010_018", "http://www.books.com.tw/products/0010650580?loc=P_010_019", "http://www.books.com.tw/products/0010650584?loc=P_010_020", "http://www.books.com.tw/products/0010650587?loc=P_010_021", "http://www.books.com.tw/products/0010650967?loc=P_010_022", "http://www.books.com.tw/products/0010650326?loc=P_010_023", "http://www.books.com.tw/products/0010649743?loc=P_010_024", "http://www.books.com.tw/products/0010649200?loc=P_010_025", "http://www.books.com.tw/products/0010646453?loc=P_010_026", "http://www.books.com.tw/products/0010649644?loc=P_010_027", "http://www.books.com.tw/products/0010649647?loc=P_010_028", "http://www.books.com.tw/products/0010649655?loc=P_010_029", "http://www.books.com.tw/products/0010649656?loc=P_010_030", "http://www.books.com.tw/products/0010648403?loc=P_010_031", "http://www.books.com.tw/products/0010647432?loc=P_010_032", "http://www.books.com.tw/products/0010646376?loc=P_010_033", "http://www.books.com.tw/products/0010647905?loc=P_010_034", "http://www.books.com.tw/products/0010647915?loc=P_010_035", "http://www.books.com.tw/products/0010647919?loc=P_010_036", "http://www.books.com.tw/products/0010647084?loc=P_010_037", "http://www.books.com.tw/products/0010646855?loc=P_010_038", "http://www.books.com.tw/products/0010647511?loc=P_010_039", "http://www.books.com.tw/products/0010647024?loc=P_010_040", "http://www.books.com.tw/products/0010647044?loc=P_010_041", "http://www.books.com.tw/products/0010647047?loc=P_010_042", "http://www.books.com.tw/products/0010646975?loc=P_010_043", "http://www.books.com.tw/products/0010645197?loc=P_010_044", "http://www.books.com.tw/products/0010645568?loc=P_010_045", "http://www.books.com.tw/products/0010645636?loc=P_010_046", "http://www.books.com.tw/products/0010645639?loc=P_010_047", "http://www.books.com.tw/products/0010646178?loc=P_010_048", "http://www.books.com.tw/products/0010646179?loc=P_010_049", "http://www.books.com.tw/products/0010646177?loc=P_010_050", "http://www.books.com.tw/products/0010644194?loc=P_010_051", "http://www.books.com.tw/products/0010644394?loc=P_010_052", "http://www.books.com.tw/products/0010644412?loc=P_010_053", "http://www.books.com.tw/products/0010644877?loc=P_010_054", "http://www.books.com.tw/products/0010644884?loc=P_010_055", "http://www.books.com.tw/products/0010644888?loc=P_010_056", "http://www.books.com.tw/products/0010644892?loc=P_010_057", "http://www.books.com.tw/products/0010644897?loc=P_010_058", "http://www.books.com.tw/products/0010644002?loc=P_010_059", "http://www.books.com.tw/products/0010643928?loc=P_010_060", "http://www.books.com.tw/products/0010643948?loc=P_010_061", "http://www.books.com.tw/products/0010644724?loc=P_010_062", "http://www.books.com.tw/products/0010644728?loc=P_010_063", "http://www.books.com.tw/products/0010644734?loc=P_010_064", "http://www.books.com.tw/products/0010644738?loc=P_010_065", "http://www.books.com.tw/products/0010644740?loc=P_010_066", "http://www.books.com.tw/products/0010644742?loc=P_010_067", "http://www.books.com.tw/products/0010644744?loc=P_010_068", "http://www.books.com.tw/products/0010642627?loc=P_010_069", "http://www.books.com.tw/products/0010642636?loc=P_010_070", "http://www.books.com.tw/products/0010642641?loc=P_010_071", "http://www.books.com.tw/products/0010642420?loc=P_010_072", "http://www.books.com.tw/products/0010643006?loc=P_010_073", "http://www.books.com.tw/products/0010642285?loc=P_010_074", "http://www.books.com.tw/products/0010642832?loc=P_010_075", "http://www.books.com.tw/products/0010699768?loc=P_010_076", "http://www.books.com.tw/products/0010641691?loc=P_010_077", "http://www.books.com.tw/products/0010641692?loc=P_010_078", "http://www.books.com.tw/products/0010641042?loc=P_010_079", "http://www.books.com.tw/products/0010639858?loc=P_010_080", "http://www.books.com.tw/products/0010640475?loc=P_010_081", "http://www.books.com.tw/products/0010640920?loc=P_010_082", "http://www.books.com.tw/products/0010640926?loc=P_010_083", "http://www.books.com.tw/products/0010639202?loc=P_010_084", "http://www.books.com.tw/products/0010639937?loc=P_010_085", "http://www.books.com.tw/products/0010639939?loc=P_010_086", "http://www.books.com.tw/products/0010639943?loc=P_010_087", "http://www.books.com.tw/products/0010639321?loc=P_010_088", "http://www.books.com.tw/products/0010639766?loc=P_010_089", "http://www.books.com.tw/products/0010640031?loc=P_010_090", "http://www.books.com.tw/products/0010639146?loc=P_010_091", "http://www.books.com.tw/products/0010638362?loc=P_010_092", "http://www.books.com.tw/products/0010638374?loc=P_010_093", "http://www.books.com.tw/products/0010637487?loc=P_010_094", "http://www.books.com.tw/products/0010641085?loc=P_010_095", "http://www.books.com.tw/products/0010637060?loc=P_010_096", "http://www.books.com.tw/products/0010636927?loc=P_010_097", "http://www.books.com.tw/products/0010636930?loc=P_010_098", "http://www.books.com.tw/products/0010636932?loc=P_010_099", "http://www.books.com.tw/products/0010636925?loc=P_010_100", "http://www.books.com.tw/products/0010635549?loc=P_010_001", "http://www.books.com.tw/products/0010636308?loc=P_010_002", "http://www.books.com.tw/products/0010633582?loc=P_010_003", "http://www.books.com.tw/products/0010634625?loc=P_010_004", "http://www.books.com.tw/products/0010634632?loc=P_010_005", "http://www.books.com.tw/products/0010634893?loc=P_010_006", "http://www.books.com.tw/products/0010633383?loc=P_010_007", "http://www.books.com.tw/products/0010634171?loc=P_010_008", "http://www.books.com.tw/products/0010633444?loc=P_010_009", "http://www.books.com.tw/products/0010633448?loc=P_010_010", "http://www.books.com.tw/products/0010635995?loc=P_010_011", "http://www.books.com.tw/products/0010632431?loc=P_010_012", "http://www.books.com.tw/products/0010632601?loc=P_010_013", "http://www.books.com.tw/products/0010632293?loc=P_010_014", "http://www.books.com.tw/products/0010630901?loc=P_010_015", "http://www.books.com.tw/products/0010630349?loc=P_010_016", "http://www.books.com.tw/products/0010630538?loc=P_010_017", "http://www.books.com.tw/products/0010630539?loc=P_010_018", "http://www.books.com.tw/products/0010630548?loc=P_010_019", "http://www.books.com.tw/products/0010630074?loc=P_010_020", "http://www.books.com.tw/products/0010630079?loc=P_010_021", "http://www.books.com.tw/products/0010629411?loc=P_010_022", "http://www.books.com.tw/products/0010629415?loc=P_010_023", "http://www.books.com.tw/products/0010627881?loc=P_010_024", "http://www.books.com.tw/products/0010628068?loc=P_010_025", "http://www.books.com.tw/products/0010628116?loc=P_010_026", "http://www.books.com.tw/products/0010628124?loc=P_010_027", "http://www.books.com.tw/products/0010628125?loc=P_010_028", "http://www.books.com.tw/products/0010627316?loc=P_010_029", "http://www.books.com.tw/products/0010626065?loc=P_010_030", "http://www.books.com.tw/products/0010626536?loc=P_010_031", "http://www.books.com.tw/products/0010625934?loc=P_010_032", "http://www.books.com.tw/products/0010625928?loc=P_010_033", "http://www.books.com.tw/products/0010626178?loc=P_010_034", "http://www.books.com.tw/products/0010626180?loc=P_010_035", "http://www.books.com.tw/products/0010626377?loc=P_010_036", "http://www.books.com.tw/products/0010624754?loc=P_010_037", "http://www.books.com.tw/products/0010625267?loc=P_010_038", "http://www.books.com.tw/products/0010624196?loc=P_010_039", "http://www.books.com.tw/products/0010624199?loc=P_010_040", "http://www.books.com.tw/products/0010623234?loc=P_010_041", "http://www.books.com.tw/products/0010612781?loc=P_010_042", "http://www.books.com.tw/products/0010622712?loc=P_010_043", "http://www.books.com.tw/products/0010622003?loc=P_010_044", "http://www.books.com.tw/products/0010622005?loc=P_010_045", "http://www.books.com.tw/products/0010622158?loc=P_010_046", "http://www.books.com.tw/products/0010621998?loc=P_010_047", "http://www.books.com.tw/products/0010622000?loc=P_010_048", "http://www.books.com.tw/products/0010618383?loc=P_010_049", "http://www.books.com.tw/products/0010619659?loc=P_010_050", "http://www.books.com.tw/products/0010619469?loc=P_010_051", "http://www.books.com.tw/products/0010619471?loc=P_010_052", "http://www.books.com.tw/products/0010619982?loc=P_010_053", "http://www.books.com.tw/products/0010619985?loc=P_010_054", "http://www.books.com.tw/products/0010617572?loc=P_010_055", "http://www.books.com.tw/products/0010618648?loc=P_010_056", "http://www.books.com.tw/products/0010616463?loc=P_010_057", "http://www.books.com.tw/products/0010618214?loc=P_010_058", "http://www.books.com.tw/products/0010617509?loc=P_010_059", "http://www.books.com.tw/products/0010619022?loc=P_010_060", "http://www.books.com.tw/products/0010619189?loc=P_010_061", "http://www.books.com.tw/products/0010617273?loc=P_010_062", "http://www.books.com.tw/products/0010618218?loc=P_010_063", "http://www.books.com.tw/products/0010616940?loc=P_010_064", "http://www.books.com.tw/products/0010617259?loc=P_010_065", "http://www.books.com.tw/products/0010617260?loc=P_010_066", "http://www.books.com.tw/products/0010519293?loc=P_010_067", "http://www.books.com.tw/products/0010615182?loc=P_010_068", "http://www.books.com.tw/products/0010616192?loc=P_010_069", "http://www.books.com.tw/products/0010616193?loc=P_010_070", "http://www.books.com.tw/products/0010615336?loc=P_010_071", "http://www.books.com.tw/products/0010615256?loc=P_010_072", "http://www.books.com.tw/products/0010616673?loc=P_010_073", "http://www.books.com.tw/products/0010616683?loc=P_010_074", "http://www.books.com.tw/products/0010615680?loc=P_010_075", "http://www.books.com.tw/products/0010615684?loc=P_010_076", "http://www.books.com.tw/products/0010615058?loc=P_010_077", "http://www.books.com.tw/products/0010614739?loc=P_010_078", "http://www.books.com.tw/products/0010614743?loc=P_010_079", "http://www.books.com.tw/products/0010614750?loc=P_010_080", "http://www.books.com.tw/products/0010613041?loc=P_010_081", "http://www.books.com.tw/products/0010613044?loc=P_010_082", "http://www.books.com.tw/products/0010613726?loc=P_010_083", "http://www.books.com.tw/products/0010612863?loc=P_010_084", "http://www.books.com.tw/products/0010613219?loc=P_010_085", "http://www.books.com.tw/products/0010613221?loc=P_010_086", "http://www.books.com.tw/products/0010611206?loc=P_010_087", "http://www.books.com.tw/products/0010612368?loc=P_010_088", "http://www.books.com.tw/products/0010612370?loc=P_010_089", "http://www.books.com.tw/products/0010610989?loc=P_010_090", "http://www.books.com.tw/products/0010612142?loc=P_010_091", "http://www.books.com.tw/products/0010612148?loc=P_010_092", "http://www.books.com.tw/products/0010612156?loc=P_010_093", "http://www.books.com.tw/products/0010611339?loc=P_010_094", "http://www.books.com.tw/products/0010610694?loc=P_010_095", "http://www.books.com.tw/products/0010611757?loc=P_010_096", "http://www.books.com.tw/products/0010610542?loc=P_010_097", "http://www.books.com.tw/products/0010610553?loc=P_010_098", "http://www.books.com.tw/products/0010610878?loc=P_010_099", "http://www.books.com.tw/products/0010610880?loc=P_010_100", "http://www.books.com.tw/products/0010599143?loc=P_010_001", "http://www.books.com.tw/products/0010597203?loc=P_010_002", "http://www.books.com.tw/products/0010597205?loc=P_010_003", "http://www.books.com.tw/products/0010598954?loc=P_010_004", "http://www.books.com.tw/products/0010599479?loc=P_010_005", "http://www.books.com.tw/products/0010611290?loc=P_010_006", "http://www.books.com.tw/products/0010598830?loc=P_010_007", "http://www.books.com.tw/products/0010598232?loc=P_010_008", "http://www.books.com.tw/products/0010598236?loc=P_010_009", "http://www.books.com.tw/products/0010596079?loc=P_010_010", "http://www.books.com.tw/products/0010597670?loc=P_010_011", "http://www.books.com.tw/products/0010597685?loc=P_010_012", "http://www.books.com.tw/products/0010597697?loc=P_010_013", "http://www.books.com.tw/products/0010598789?loc=P_010_014", "http://www.books.com.tw/products/0010597308?loc=P_010_015", "http://www.books.com.tw/products/0010597366?loc=P_010_016", "http://www.books.com.tw/products/0010597367?loc=P_010_017", "http://www.books.com.tw/products/0010596462?loc=P_010_018", "http://www.books.com.tw/products/0010596464?loc=P_010_019", "http://www.books.com.tw/products/0010596470?loc=P_010_020", "http://www.books.com.tw/products/0010587693?loc=P_010_021", "http://www.books.com.tw/products/0010594625?loc=P_010_022", "http://www.books.com.tw/products/0010595426?loc=P_010_023", "http://www.books.com.tw/products/0010595428?loc=P_010_024", "http://www.books.com.tw/products/0010595430?loc=P_010_025", "http://www.books.com.tw/products/0010592519?loc=P_010_026", "http://www.books.com.tw/products/0010592520?loc=P_010_027", "http://www.books.com.tw/products/0010595066?loc=P_010_028", "http://www.books.com.tw/products/0010595068?loc=P_010_029", "http://www.books.com.tw/products/0010593696?loc=P_010_030", "http://www.books.com.tw/products/0010701475?loc=P_010_031", "http://www.books.com.tw/products/0010595691?loc=P_010_032", "http://www.books.com.tw/products/0010595693?loc=P_010_033", "http://www.books.com.tw/products/0010592518?loc=P_010_034", "http://www.books.com.tw/products/0010594037?loc=P_010_035", "http://www.books.com.tw/products/0010594066?loc=P_010_036", "http://www.books.com.tw/products/0010595391?loc=P_010_037", "http://www.books.com.tw/products/0010595394?loc=P_010_038", "http://www.books.com.tw/products/0010593276?loc=P_010_039", "http://www.books.com.tw/products/0010594120?loc=P_010_040", "http://www.books.com.tw/products/0010591222?loc=P_010_041", "http://www.books.com.tw/products/0010593649?loc=P_010_042", "http://www.books.com.tw/products/0010627136?loc=P_010_043", "http://www.books.com.tw/products/0010593459?loc=P_010_044", "http://www.books.com.tw/products/0010593460?loc=P_010_045", "http://www.books.com.tw/products/0010593463?loc=P_010_046", "http://www.books.com.tw/products/0010592619?loc=P_010_047", "http://www.books.com.tw/products/0010591196?loc=P_010_048", "http://www.books.com.tw/products/0010591198?loc=P_010_049", "http://www.books.com.tw/products/0010591053?loc=P_010_050", "http://www.books.com.tw/products/0010591077?loc=P_010_051", "http://www.books.com.tw/products/0010590629?loc=P_010_052", "http://www.books.com.tw/products/0010590704?loc=P_010_053", "http://www.books.com.tw/products/0010590726?loc=P_010_054", "http://www.books.com.tw/products/0010591013?loc=P_010_055", "http://www.books.com.tw/products/0010591014?loc=P_010_056", "http://www.books.com.tw/products/0010589768?loc=P_010_057", "http://www.books.com.tw/products/0010589834?loc=P_010_058", "http://www.books.com.tw/products/0010589838?loc=P_010_059", "http://www.books.com.tw/products/0010589559?loc=P_010_060", "http://www.books.com.tw/products/0010589560?loc=P_010_061", "http://www.books.com.tw/products/0010590105?loc=P_010_062", "http://www.books.com.tw/products/0010589431?loc=P_010_063", "http://www.books.com.tw/products/0010588071?loc=P_010_064", "http://www.books.com.tw/products/0010588073?loc=P_010_065", "http://www.books.com.tw/products/0010587177?loc=P_010_066", "http://www.books.com.tw/products/0010587178?loc=P_010_067", "http://www.books.com.tw/products/0010586811?loc=P_010_068", "http://www.books.com.tw/products/0010586878?loc=P_010_069", "http://www.books.com.tw/products/0010586366?loc=P_010_070", "http://www.books.com.tw/products/0010586364?loc=P_010_071", "http://www.books.com.tw/products/0010586560?loc=P_010_072", "http://www.books.com.tw/products/0010585196?loc=P_010_073", "http://www.books.com.tw/products/0010584622?loc=P_010_074", "http://www.books.com.tw/products/0010585219?loc=P_010_075", "http://www.books.com.tw/products/0010585220?loc=P_010_076", "http://www.books.com.tw/products/0010585221?loc=P_010_077", "http://www.books.com.tw/products/0010585223?loc=P_010_078", "http://www.books.com.tw/products/0010584999?loc=P_010_079", "http://www.books.com.tw/products/0010585001?loc=P_010_080", "http://www.books.com.tw/products/0010580760?loc=P_010_081", "http://www.books.com.tw/products/0010583218?loc=P_010_082", "http://www.books.com.tw/products/0010583024?loc=P_010_083", "http://www.books.com.tw/products/0010583027?loc=P_010_084", "http://www.books.com.tw/products/0010582385?loc=P_010_085", "http://www.books.com.tw/products/0010580930?loc=P_010_086", "http://www.books.com.tw/products/0010580927?loc=P_010_087", "http://www.books.com.tw/products/0010580195?loc=P_010_088", "http://www.books.com.tw/products/0010580197?loc=P_010_089", "http://www.books.com.tw/products/0010580114?loc=P_010_090", "http://www.books.com.tw/products/0010580465?loc=P_010_091", "http://www.books.com.tw/products/0010580466?loc=P_010_092", "http://www.books.com.tw/products/0010580467?loc=P_010_093", "http://www.books.com.tw/products/0010580469?loc=P_010_094", "http://www.books.com.tw/products/0010577745?loc=P_010_095", "http://www.books.com.tw/products/0010577747?loc=P_010_096", "http://www.books.com.tw/products/0010580101?loc=P_010_097", "http://www.books.com.tw/products/0010579140?loc=P_010_098", "http://www.books.com.tw/products/0010577889?loc=P_010_099", "http://www.books.com.tw/products/0010578444?loc=P_010_100", "http://www.books.com.tw/products/0010578446?loc=P_010_001", "http://www.books.com.tw/products/0010578456?loc=P_010_002", "http://www.books.com.tw/products/0010578459?loc=P_010_003", "http://www.books.com.tw/products/0010611884?loc=P_010_004", "http://www.books.com.tw/products/0010577690?loc=P_010_005", "http://www.books.com.tw/products/0010577693?loc=P_010_006", "http://www.books.com.tw/products/0010577697?loc=P_010_007", "http://www.books.com.tw/products/0010577698?loc=P_010_008", "http://www.books.com.tw/products/0010577303?loc=P_010_009", "http://www.books.com.tw/products/0010577345?loc=P_010_010", "http://www.books.com.tw/products/0010577346?loc=P_010_011", "http://www.books.com.tw/products/0010577349?loc=P_010_012", "http://www.books.com.tw/products/0010577350?loc=P_010_013", "http://www.books.com.tw/products/0010575166?loc=P_010_014", "http://www.books.com.tw/products/0010575674?loc=P_010_015", "http://www.books.com.tw/products/0010575838?loc=P_010_016", "http://www.books.com.tw/products/0010576226?loc=P_010_017", "http://www.books.com.tw/products/0010576228?loc=P_010_018", "http://www.books.com.tw/products/0010576232?loc=P_010_019", "http://www.books.com.tw/products/0010576239?loc=P_010_020", "http://www.books.com.tw/products/0010575836?loc=P_010_021", "http://www.books.com.tw/products/0010573852?loc=P_010_022", "http://www.books.com.tw/products/0010573814?loc=P_010_023", "http://www.books.com.tw/products/0010575315?loc=P_010_024", "http://www.books.com.tw/products/0010575318?loc=P_010_025", "http://www.books.com.tw/products/0010575320?loc=P_010_026", "http://www.books.com.tw/products/0010575322?loc=P_010_027", "http://www.books.com.tw/products/0010575323?loc=P_010_028", "http://www.books.com.tw/products/0010575316?loc=P_010_029", "http://www.books.com.tw/products/0010573059?loc=P_010_030", "http://www.books.com.tw/products/0010571068?loc=P_010_031", "http://www.books.com.tw/products/0010571069?loc=P_010_032", "http://www.books.com.tw/products/0010573190?loc=P_010_033", "http://www.books.com.tw/products/0010573345?loc=P_010_034", "http://www.books.com.tw/products/0010573349?loc=P_010_035", "http://www.books.com.tw/products/0010573350?loc=P_010_036", "http://www.books.com.tw/products/0010573352?loc=P_010_037", "http://www.books.com.tw/products/0010571119?loc=P_010_038", "http://www.books.com.tw/products/0010571120?loc=P_010_039", "http://www.books.com.tw/products/0010572400?loc=P_010_040", "http://www.books.com.tw/products/0010572401?loc=P_010_041", "http://www.books.com.tw/products/0010572403?loc=P_010_042", "http://www.books.com.tw/products/0010572058?loc=P_010_043", "http://www.books.com.tw/products/0010572060?loc=P_010_044", "http://www.books.com.tw/products/0010572097?loc=P_010_045", "http://www.books.com.tw/products/0010572104?loc=P_010_046", "http://www.books.com.tw/products/0010570411?loc=P_010_047", "http://www.books.com.tw/products/0010570413?loc=P_010_048", "http://www.books.com.tw/products/0010571892?loc=P_010_049", "http://www.books.com.tw/products/0010571894?loc=P_010_050", "http://www.books.com.tw/products/0010569239?loc=P_010_051", "http://www.books.com.tw/products/0010569244?loc=P_010_052", "http://www.books.com.tw/products/0010569246?loc=P_010_053", "http://www.books.com.tw/products/0010569241?loc=P_010_054", "http://www.books.com.tw/products/0010569811?loc=P_010_055", "http://www.books.com.tw/products/0010569814?loc=P_010_056", "http://www.books.com.tw/products/0010569816?loc=P_010_057", "http://www.books.com.tw/products/0010569819?loc=P_010_058", "http://www.books.com.tw/products/0010567441?loc=P_010_059", "http://www.books.com.tw/products/0010567442?loc=P_010_060", "http://www.books.com.tw/products/0010567021?loc=P_010_061", "http://www.books.com.tw/products/0010567782?loc=P_010_062", "http://www.books.com.tw/products/0010568920?loc=P_010_063", "http://www.books.com.tw/products/0010568923?loc=P_010_064", "http://www.books.com.tw/products/0010567335?loc=P_010_065", "http://www.books.com.tw/products/0010567336?loc=P_010_066", "http://www.books.com.tw/products/0010566401?loc=P_010_067", "http://www.books.com.tw/products/0010567304?loc=P_010_068", "http://www.books.com.tw/products/0010567308?loc=P_010_069", "http://www.books.com.tw/products/0010567322?loc=P_010_070", "http://www.books.com.tw/products/0010567325?loc=P_010_071", "http://www.books.com.tw/products/0010565802?loc=P_010_072", "http://www.books.com.tw/products/0010565804?loc=P_010_073", "http://www.books.com.tw/products/0010566431?loc=P_010_074", "http://www.books.com.tw/products/0010566433?loc=P_010_075", "http://www.books.com.tw/products/0010556901?loc=P_010_076", "http://www.books.com.tw/products/0010565819?loc=P_010_077", "http://www.books.com.tw/products/0010565821?loc=P_010_078", "http://www.books.com.tw/products/0010563051?loc=P_010_079", "http://www.books.com.tw/products/0010566238?loc=P_010_080", "http://www.books.com.tw/products/0010566241?loc=P_010_081", "http://www.books.com.tw/products/0010566232?loc=P_010_082", "http://www.books.com.tw/products/0010566234?loc=P_010_083", "http://www.books.com.tw/products/0010562752?loc=P_010_084", "http://www.books.com.tw/products/0010563004?loc=P_010_085", "http://www.books.com.tw/products/0010563315?loc=P_010_086", "http://www.books.com.tw/products/0010564111?loc=P_010_087", "http://www.books.com.tw/products/0010564112?loc=P_010_088", "http://www.books.com.tw/products/0010564115?loc=P_010_089", "http://www.books.com.tw/products/0010564118?loc=P_010_090", "http://www.books.com.tw/products/0010563164?loc=P_010_091", "http://www.books.com.tw/products/0010563167?loc=P_010_092", "http://www.books.com.tw/products/0010563170?loc=P_010_093", "http://www.books.com.tw/products/0010563177?loc=P_010_094", "http://www.books.com.tw/products/0010562083?loc=P_010_095", "http://www.books.com.tw/products/0010562561?loc=P_010_096", "http://www.books.com.tw/products/0010562566?loc=P_010_097", "http://www.books.com.tw/products/0010561598?loc=P_010_098", "http://www.books.com.tw/products/0010566211?loc=P_010_099", "http://www.books.com.tw/products/0010566216?loc=P_010_100", "http://www.books.com.tw/products/0010561596?loc=P_010_001", "http://www.books.com.tw/products/0010560708?loc=P_010_002", "http://www.books.com.tw/products/0010560710?loc=P_010_003", "http://www.books.com.tw/products/0010561854?loc=P_010_004", "http://www.books.com.tw/products/0010561860?loc=P_010_005", "http://www.books.com.tw/products/0010561863?loc=P_010_006", "http://www.books.com.tw/products/0010561867?loc=P_010_007", "http://www.books.com.tw/products/0010562559?loc=P_010_008", "http://www.books.com.tw/products/0010560823?loc=P_010_009", "http://www.books.com.tw/products/0010559563?loc=P_010_010", "http://www.books.com.tw/products/0010561039?loc=P_010_011", "http://www.books.com.tw/products/0010561040?loc=P_010_012", "http://www.books.com.tw/products/0010560291?loc=P_010_013", "http://www.books.com.tw/products/0010560293?loc=P_010_014", "http://www.books.com.tw/products/0010560654?loc=P_010_015", "http://www.books.com.tw/products/0010560267?loc=P_010_016", "http://www.books.com.tw/products/0010560268?loc=P_010_017", "http://www.books.com.tw/products/0010560272?loc=P_010_018", "http://www.books.com.tw/products/0010559700?loc=P_010_019", "http://www.books.com.tw/products/0010559584?loc=P_010_020", "http://www.books.com.tw/products/0010559587?loc=P_010_021", "http://www.books.com.tw/products/0010558704?loc=P_010_022", "http://www.books.com.tw/products/0010555859?loc=P_010_023", "http://www.books.com.tw/products/0010566224?loc=P_010_024", "http://www.books.com.tw/products/0010558667?loc=P_010_025", "http://www.books.com.tw/products/0010558672?loc=P_010_026", "http://www.books.com.tw/products/0010558679?loc=P_010_027", "http://www.books.com.tw/products/0010558686?loc=P_010_028", "http://www.books.com.tw/products/0010557007?loc=P_010_029", "http://www.books.com.tw/products/0010558346?loc=P_010_030", "http://www.books.com.tw/products/0010558349?loc=P_010_031", "http://www.books.com.tw/products/0010556247?loc=P_010_032", "http://www.books.com.tw/products/0010556908?loc=P_010_033", "http://www.books.com.tw/products/0010551171?loc=P_010_034", "http://www.books.com.tw/products/0010557078?loc=P_010_035", "http://www.books.com.tw/products/0010557080?loc=P_010_036", "http://www.books.com.tw/products/0010553871?loc=P_010_037", "http://www.books.com.tw/products/0010556146?loc=P_010_038", "http://www.books.com.tw/products/0010555267?loc=P_010_039", "http://www.books.com.tw/products/0010555902?loc=P_010_040", "http://www.books.com.tw/products/0010555905?loc=P_010_041", "http://www.books.com.tw/products/0010552696?loc=P_010_042", "http://www.books.com.tw/products/0010553392?loc=P_010_043", "http://www.books.com.tw/products/0010554705?loc=P_010_044", "http://www.books.com.tw/products/0010554709?loc=P_010_045", "http://www.books.com.tw/products/0010554751?loc=P_010_046", "http://www.books.com.tw/products/0010555130?loc=P_010_047", "http://www.books.com.tw/products/0010553084?loc=P_010_048", "http://www.books.com.tw/products/0010554298?loc=P_010_049", "http://www.books.com.tw/products/0010554300?loc=P_010_050", "http://www.books.com.tw/products/0010554311?loc=P_010_051", "http://www.books.com.tw/products/0010554312?loc=P_010_052", "http://www.books.com.tw/products/0010553847?loc=P_010_053", "http://www.books.com.tw/products/0010553851?loc=P_010_054", "http://www.books.com.tw/products/0010552460?loc=P_010_055", "http://www.books.com.tw/products/0010552645?loc=P_010_056", "http://www.books.com.tw/products/0010552648?loc=P_010_057", "http://www.books.com.tw/products/0010552650?loc=P_010_058", "http://www.books.com.tw/products/0010579060?loc=P_010_059", "http://www.books.com.tw/products/0010551879?loc=P_010_060", "http://www.books.com.tw/products/0010551880?loc=P_010_061", "http://www.books.com.tw/products/0010552086?loc=P_010_062", "http://www.books.com.tw/products/0010552087?loc=P_010_063", "http://www.books.com.tw/products/0010551207?loc=P_010_064", "http://www.books.com.tw/products/0010551211?loc=P_010_065", "http://www.books.com.tw/products/0010551216?loc=P_010_066", "http://www.books.com.tw/products/0010551223?loc=P_010_067", "http://www.books.com.tw/products/0010549743?loc=P_010_068", "http://www.books.com.tw/products/0010549773?loc=P_010_069", "http://www.books.com.tw/products/0010559837?loc=P_010_070", "http://www.books.com.tw/products/0010549982?loc=P_010_071", "http://www.books.com.tw/products/0010549984?loc=P_010_072", "http://www.books.com.tw/products/0010550528?loc=P_010_073", "http://www.books.com.tw/products/0010550529?loc=P_010_074", "http://www.books.com.tw/products/0010549669?loc=P_010_075", "http://www.books.com.tw/products/0010549672?loc=P_010_076", "http://www.books.com.tw/products/0010549680?loc=P_010_077", "http://www.books.com.tw/products/0010549682?loc=P_010_078", "http://www.books.com.tw/products/0010550433?loc=P_010_079", "http://www.books.com.tw/products/0010548323?loc=P_010_080", "http://www.books.com.tw/products/0010548125?loc=P_010_081", "http://www.books.com.tw/products/0010546327?loc=P_010_082", "http://www.books.com.tw/products/0010546328?loc=P_010_083", "http://www.books.com.tw/products/0010547334?loc=P_010_084", "http://www.books.com.tw/products/0010547335?loc=P_010_085", "http://www.books.com.tw/products/0010546694?loc=P_010_086", "http://www.books.com.tw/products/0010546060?loc=P_010_087", "http://www.books.com.tw/products/0010546723?loc=P_010_088", "http://www.books.com.tw/products/0010546727?loc=P_010_089", "http://www.books.com.tw/products/0010546731?loc=P_010_090", "http://www.books.com.tw/products/0010546735?loc=P_010_091", "http://www.books.com.tw/products/0010546197?loc=P_010_092", "http://www.books.com.tw/products/0010543311?loc=P_010_093", "http://www.books.com.tw/products/0010477594?loc=P_010_094", "http://www.books.com.tw/products/0010544661?loc=P_010_095", "http://www.books.com.tw/products/0010545198?loc=P_010_096", "http://www.books.com.tw/products/0010543113?loc=P_010_097", "http://www.books.com.tw/products/0010544325?loc=P_010_098", "http://www.books.com.tw/products/0010544326?loc=P_010_099", "http://www.books.com.tw/products/0010544327?loc=P_010_100", "http://www.books.com.tw/products/0010544328?loc=P_010_001", "http://www.books.com.tw/products/0010541496?loc=P_010_002", "http://www.books.com.tw/products/0010543003?loc=P_010_003", "http://www.books.com.tw/products/0010543004?loc=P_010_004", "http://www.books.com.tw/products/0010542917?loc=P_010_005", "http://www.books.com.tw/products/0010541744?loc=P_010_006", "http://www.books.com.tw/products/0010541745?loc=P_010_007", "http://www.books.com.tw/products/0010260339?loc=P_010_008", "http://www.books.com.tw/products/0010541280?loc=P_010_009", "http://www.books.com.tw/products/0010540894?loc=P_010_010", "http://www.books.com.tw/products/0010540893?loc=P_010_011", "http://www.books.com.tw/products/0010541424?loc=P_010_012", "http://www.books.com.tw/products/0010541425?loc=P_010_013", "http://www.books.com.tw/products/0010540606?loc=P_010_014", "http://www.books.com.tw/products/0010540608?loc=P_010_015", "http://www.books.com.tw/products/0010541612?loc=P_010_016", "http://www.books.com.tw/products/0010540091?loc=P_010_017", "http://www.books.com.tw/products/0010539179?loc=P_010_018", "http://www.books.com.tw/products/0010538850?loc=P_010_019", "http://www.books.com.tw/products/0010538851?loc=P_010_020", "http://www.books.com.tw/products/0010538748?loc=P_010_021", "http://www.books.com.tw/products/0010538634?loc=P_010_022", "http://www.books.com.tw/products/0010538636?loc=P_010_023", "http://www.books.com.tw/products/0010538846?loc=P_010_024", "http://www.books.com.tw/products/0010538847?loc=P_010_025", "http://www.books.com.tw/products/0010538173?loc=P_010_026", "http://www.books.com.tw/products/0010538175?loc=P_010_027", "http://www.books.com.tw/products/0010537764?loc=P_010_028", "http://www.books.com.tw/products/0010537765?loc=P_010_029", "http://www.books.com.tw/products/0010536461?loc=P_010_030", "http://www.books.com.tw/products/0010536894?loc=P_010_031", "http://www.books.com.tw/products/0010536895?loc=P_010_032", "http://www.books.com.tw/products/0010564510?loc=P_010_033", "http://www.books.com.tw/products/0010533527?loc=P_010_034", "http://www.books.com.tw/products/0010534618?loc=P_010_035", "http://www.books.com.tw/products/0010534620?loc=P_010_036", "http://www.books.com.tw/products/0010534622?loc=P_010_037", "http://www.books.com.tw/products/0010534893?loc=P_010_038", "http://www.books.com.tw/products/0010532261?loc=P_010_039", "http://www.books.com.tw/products/0010533043?loc=P_010_040", "http://www.books.com.tw/products/0010532364?loc=P_010_041", "http://www.books.com.tw/products/0010532366?loc=P_010_042", "http://www.books.com.tw/products/0010529493?loc=P_010_043", "http://www.books.com.tw/products/0010530652?loc=P_010_044", "http://www.books.com.tw/products/0010530656?loc=P_010_045", "http://www.books.com.tw/products/0010529715?loc=P_010_046", "http://www.books.com.tw/products/0010529721?loc=P_010_047", "http://www.books.com.tw/products/0010528054?loc=P_010_048", "http://www.books.com.tw/products/0010528968?loc=P_010_049", "http://www.books.com.tw/products/0010528970?loc=P_010_050", "http://www.books.com.tw/products/0010528973?loc=P_010_051", "http://www.books.com.tw/products/0010527730?loc=P_010_052", "http://www.books.com.tw/products/0010528051?loc=P_010_053", "http://www.books.com.tw/products/0010528052?loc=P_010_054", "http://www.books.com.tw/products/0010526779?loc=P_010_055", "http://www.books.com.tw/products/0010527279?loc=P_010_056", "http://www.books.com.tw/products/0010525777?loc=P_010_057", "http://www.books.com.tw/products/0010525889?loc=P_010_058", "http://www.books.com.tw/products/0010525893?loc=P_010_059", "http://www.books.com.tw/products/0010525897?loc=P_010_060", "http://www.books.com.tw/products/0010525905?loc=P_010_061", "http://www.books.com.tw/products/0010524688?loc=P_010_062", "http://www.books.com.tw/products/0010523183?loc=P_010_063", "http://www.books.com.tw/products/0010523893?loc=P_010_064", "http://www.books.com.tw/products/0010523895?loc=P_010_065", "http://www.books.com.tw/products/0010500637?loc=P_010_066", "http://www.books.com.tw/products/0010500638?loc=P_010_067", "http://www.books.com.tw/products/0010500639?loc=P_010_068", "http://www.books.com.tw/products/0010522216?loc=P_010_069", "http://www.books.com.tw/products/0010522593?loc=P_010_070", "http://www.books.com.tw/products/0010520389?loc=P_010_071", "http://www.books.com.tw/products/0010520429?loc=P_010_072", "http://www.books.com.tw/products/0010519723?loc=P_010_073", "http://www.books.com.tw/products/0010519339?loc=P_010_074", "http://www.books.com.tw/products/0010519341?loc=P_010_075", "http://www.books.com.tw/products/0010512680?loc=P_010_076", "http://www.books.com.tw/products/0010517859?loc=P_010_077", "http://www.books.com.tw/products/0010516318?loc=P_010_078", "http://www.books.com.tw/products/0010515858?loc=P_010_079", "http://www.books.com.tw/products/0010516967?loc=P_010_080", "http://www.books.com.tw/products/0010516969?loc=P_010_081", "http://www.books.com.tw/products/0010515674?loc=P_010_082", "http://www.books.com.tw/products/0010515027?loc=P_010_083", "http://www.books.com.tw/products/0010515037?loc=P_010_084", "http://www.books.com.tw/products/0010514249?loc=P_010_085", "http://www.books.com.tw/products/0010514247?loc=P_010_086", "http://www.books.com.tw/products/0010512964?loc=P_010_087", "http://www.books.com.tw/products/0010512967?loc=P_010_088", "http://www.books.com.tw/products/0010512303?loc=P_010_089", "http://www.books.com.tw/products/0010549095?loc=P_010_090", "http://www.books.com.tw/products/0010509648?loc=P_010_091", "http://www.books.com.tw/products/0010509077?loc=P_010_092", "http://www.books.com.tw/products/0010509078?loc=P_010_093", "http://www.books.com.tw/products/0010508543?loc=P_010_094", "http://www.books.com.tw/products/0010508735?loc=P_010_095", "http://www.books.com.tw/products/0010508733?loc=P_010_096", "http://www.books.com.tw/products/0010506925?loc=P_010_097", "http://www.books.com.tw/products/0010506927?loc=P_010_098", "http://www.books.com.tw/products/0010506933?loc=P_010_099", "http://www.books.com.tw/products/0010506934?loc=P_010_100", "http://www.books.com.tw/products/0010506649?loc=P_010_001", "http://www.books.com.tw/products/0010505623?loc=P_010_002", "http://www.books.com.tw/products/0010504207?loc=P_010_003", "http://www.books.com.tw/products/0010504218?loc=P_010_004", "http://www.books.com.tw/products/0010504904?loc=P_010_005", "http://www.books.com.tw/products/0010504906?loc=P_010_006", "http://www.books.com.tw/products/0010504660?loc=P_010_007", "http://www.books.com.tw/products/0010505179?loc=P_010_008", "http://www.books.com.tw/products/0010507943?loc=P_010_009", "http://www.books.com.tw/products/0010507945?loc=P_010_010", "http://www.books.com.tw/products/0010505185?loc=P_010_011", "http://www.books.com.tw/products/0010502982?loc=P_010_012", "http://www.books.com.tw/products/0010503743?loc=P_010_013", "http://www.books.com.tw/products/0010503744?loc=P_010_014", "http://www.books.com.tw/products/0010504272?loc=P_010_015", "http://www.books.com.tw/products/0010504274?loc=P_010_016", "http://www.books.com.tw/products/0010501274?loc=P_010_017", "http://www.books.com.tw/products/0010502785?loc=P_010_018", "http://www.books.com.tw/products/0010502887?loc=P_010_019", "http://www.books.com.tw/products/0010502895?loc=P_010_020", "http://www.books.com.tw/products/0010502912?loc=P_010_021", "http://www.books.com.tw/products/0010502919?loc=P_010_022", "http://www.books.com.tw/products/0010502152?loc=P_010_023", "http://www.books.com.tw/products/0010501031?loc=P_010_024", "http://www.books.com.tw/products/0010501334?loc=P_010_025", "http://www.books.com.tw/products/0010501092?loc=P_010_026", "http://www.books.com.tw/products/0010501473?loc=P_010_027", "http://www.books.com.tw/products/0010501475?loc=P_010_028", "http://www.books.com.tw/products/0010504757?loc=P_010_029", "http://www.books.com.tw/products/0010500641?loc=P_010_030", "http://www.books.com.tw/products/0010502568?loc=P_010_031", "http://www.books.com.tw/products/0010500341?loc=P_010_032", "http://www.books.com.tw/products/0010499862?loc=P_010_033", "http://www.books.com.tw/products/0010499863?loc=P_010_034", "http://www.books.com.tw/products/0010499455?loc=P_010_035", "http://www.books.com.tw/products/0010499465?loc=P_010_036", "http://www.books.com.tw/products/0010499539?loc=P_010_037", "http://www.books.com.tw/products/0010499546?loc=P_010_038", "http://www.books.com.tw/products/0010499550?loc=P_010_039", "http://www.books.com.tw/products/0010499468?loc=P_010_040", "http://www.books.com.tw/products/0010499471?loc=P_010_041", "http://www.books.com.tw/products/0010499473?loc=P_010_042", "http://www.books.com.tw/products/0010498152?loc=P_010_043", "http://www.books.com.tw/products/0010498154?loc=P_010_044", "http://www.books.com.tw/products/0010498285?loc=P_010_045", "http://www.books.com.tw/products/0010498286?loc=P_010_046", "http://www.books.com.tw/products/0010497591?loc=P_010_047", "http://www.books.com.tw/products/0010482658?loc=P_010_048", "http://www.books.com.tw/products/0010497587?loc=P_010_049", "http://www.books.com.tw/products/0010497588?loc=P_010_050", "http://www.books.com.tw/products/0010494664?loc=P_010_051", "http://www.books.com.tw/products/0010496546?loc=P_010_052", "http://www.books.com.tw/products/0010495858?loc=P_010_053", "http://www.books.com.tw/products/0010496134?loc=P_010_054", "http://www.books.com.tw/products/0010496137?loc=P_010_055", "http://www.books.com.tw/products/0010496076?loc=P_010_056", "http://www.books.com.tw/products/0010496079?loc=P_010_057", "http://www.books.com.tw/products/0010494613?loc=P_010_058", "http://www.books.com.tw/products/0010495096?loc=P_010_059", "http://www.books.com.tw/products/0010546186?loc=P_010_060", "http://www.books.com.tw/products/0010492666?loc=P_010_061", "http://www.books.com.tw/products/0010492669?loc=P_010_062", "http://www.books.com.tw/products/0010493145?loc=P_010_063", "http://www.books.com.tw/products/0010491451?loc=P_010_064", "http://www.books.com.tw/products/0010492501?loc=P_010_065", "http://www.books.com.tw/products/0010514833?loc=P_010_066", "http://www.books.com.tw/products/0010514834?loc=P_010_067", "http://www.books.com.tw/products/0010562938?loc=P_010_068", "http://www.books.com.tw/products/0010498484?loc=P_010_069", "http://www.books.com.tw/products/0010501506?loc=P_010_070", "http://www.books.com.tw/products/0010488700?loc=P_010_071", "http://www.books.com.tw/products/0010488701?loc=P_010_072", "http://www.books.com.tw/products/0010486776?loc=P_010_073", "http://www.books.com.tw/products/0010485074?loc=P_010_074", "http://www.books.com.tw/products/0010486134?loc=P_010_075", "http://www.books.com.tw/products/0010486246?loc=P_010_076", "http://www.books.com.tw/products/0010486247?loc=P_010_077", "http://www.books.com.tw/products/0010484553?loc=P_010_078", "http://www.books.com.tw/products/0010483338?loc=P_010_079", "http://www.books.com.tw/products/0010483339?loc=P_010_080", "http://www.books.com.tw/products/0010497579?loc=P_010_081", "http://www.books.com.tw/products/0010499977?loc=P_010_082", "http://www.books.com.tw/products/0010502737?loc=P_010_083", "http://www.books.com.tw/products/0010482140?loc=P_010_084", "http://www.books.com.tw/products/0010482457?loc=P_010_085", "http://www.books.com.tw/products/0010482459?loc=P_010_086", "http://www.books.com.tw/products/0010479186?loc=P_010_087", "http://www.books.com.tw/products/0010499976?loc=P_010_088", "http://www.books.com.tw/products/0010502734?loc=P_010_089", "http://www.books.com.tw/products/0010502736?loc=P_010_090", "http://www.books.com.tw/products/0010477927?loc=P_010_091", "http://www.books.com.tw/products/0010478076?loc=P_010_092", "http://www.books.com.tw/products/0010478077?loc=P_010_093", "http://www.books.com.tw/products/0010480799?loc=P_010_094", "http://www.books.com.tw/products/0010474206?loc=P_010_095", "http://www.books.com.tw/products/0010475840?loc=P_010_096", "http://www.books.com.tw/products/0010475841?loc=P_010_097", "http://www.books.com.tw/products/0010474070?loc=P_010_098", "http://www.books.com.tw/products/0010501501?loc=P_010_099", "http://www.books.com.tw/products/0010472326?loc=P_010_100", "http://www.books.com.tw/products/0010470083?loc=P_010_001", "http://www.books.com.tw/products/0010471045?loc=P_010_002", "http://www.books.com.tw/products/0010499974?loc=P_010_003", "http://www.books.com.tw/products/0010470051?loc=P_010_004", "http://www.books.com.tw/products/0010470054?loc=P_010_005", "http://www.books.com.tw/products/0010470062?loc=P_010_006", "http://www.books.com.tw/products/0010470067?loc=P_010_007", "http://www.books.com.tw/products/0010470073?loc=P_010_008", "http://www.books.com.tw/products/0010470074?loc=P_010_009", "http://www.books.com.tw/products/0010469059?loc=P_010_010", "http://www.books.com.tw/products/0010469061?loc=P_010_011", "http://www.books.com.tw/products/0010469840?loc=P_010_012", "http://www.books.com.tw/products/0010467661?loc=P_010_013", "http://www.books.com.tw/products/0010467662?loc=P_010_014", "http://www.books.com.tw/products/0010467664?loc=P_010_015", "http://www.books.com.tw/products/0010467666?loc=P_010_016", "http://www.books.com.tw/products/0010467672?loc=P_010_017", "http://www.books.com.tw/products/0010467673?loc=P_010_018", "http://www.books.com.tw/products/0010467426?loc=P_010_019", "http://www.books.com.tw/products/0010465055?loc=P_010_020", "http://www.books.com.tw/products/0010465070?loc=P_010_021", "http://www.books.com.tw/products/0010474902?loc=P_010_022", "http://www.books.com.tw/products/0010474904?loc=P_010_023", "http://www.books.com.tw/products/0010465574?loc=P_010_024", "http://www.books.com.tw/products/0010465569?loc=P_010_025", "http://www.books.com.tw/products/0010465126?loc=P_010_026", "http://www.books.com.tw/products/0010465128?loc=P_010_027", "http://www.books.com.tw/products/0010463545?loc=P_010_028", "http://www.books.com.tw/products/0010464631?loc=P_010_029", "http://www.books.com.tw/products/0010464633?loc=P_010_030", "http://www.books.com.tw/products/0010464643?loc=P_010_031", "http://www.books.com.tw/products/0010463552?loc=P_010_032", "http://www.books.com.tw/products/0010457839?loc=P_010_033", "http://www.books.com.tw/products/0010463341?loc=P_010_034", "http://www.books.com.tw/products/0010462379?loc=P_010_035", "http://www.books.com.tw/products/0010462386?loc=P_010_036", "http://www.books.com.tw/products/0010462059?loc=P_010_037", "http://www.books.com.tw/products/0010462061?loc=P_010_038", "http://www.books.com.tw/products/0010459728?loc=P_010_039", "http://www.books.com.tw/products/0010459880?loc=P_010_040", "http://www.books.com.tw/products/0010460404?loc=P_010_041", "http://www.books.com.tw/products/0010460406?loc=P_010_042", "http://www.books.com.tw/products/0010458776?loc=P_010_043", "http://www.books.com.tw/products/0010459852?loc=P_010_044", "http://www.books.com.tw/products/0010459853?loc=P_010_045", "http://www.books.com.tw/products/0010459525?loc=P_010_046", "http://www.books.com.tw/products/0010459529?loc=P_010_047", "http://www.books.com.tw/products/0010457824?loc=P_010_048", "http://www.books.com.tw/products/0010457117?loc=P_010_049", "http://www.books.com.tw/products/0010457753?loc=P_010_050", "http://www.books.com.tw/products/0010457755?loc=P_010_051", "http://www.books.com.tw/products/0010457756?loc=P_010_052", "http://www.books.com.tw/products/0010457758?loc=P_010_053", "http://www.books.com.tw/products/0010458994?loc=P_010_054", "http://www.books.com.tw/products/0010457091?loc=P_010_055", "http://www.books.com.tw/products/0010457095?loc=P_010_056", "http://www.books.com.tw/products/0010457098?loc=P_010_057", "http://www.books.com.tw/products/0010456257?loc=P_010_058", "http://www.books.com.tw/products/0010455951?loc=P_010_059", "http://www.books.com.tw/products/0010455955?loc=P_010_060", "http://www.books.com.tw/products/0010455967?loc=P_010_061", "http://www.books.com.tw/products/0010455972?loc=P_010_062", "http://www.books.com.tw/products/0010455110?loc=P_010_063", "http://www.books.com.tw/products/0010455176?loc=P_010_064", "http://www.books.com.tw/products/0010455180?loc=P_010_065", "http://www.books.com.tw/products/0010455183?loc=P_010_066", "http://www.books.com.tw/products/0010455211?loc=P_010_067", "http://www.books.com.tw/products/0010454862?loc=P_010_068", "http://www.books.com.tw/products/0010454866?loc=P_010_069", "http://www.books.com.tw/products/0010454867?loc=P_010_070", "http://www.books.com.tw/products/0010455538?loc=P_010_071", "http://www.books.com.tw/products/0010453186?loc=P_010_072", "http://www.books.com.tw/products/0010452893?loc=P_010_073", "http://www.books.com.tw/products/0010453685?loc=P_010_074", "http://www.books.com.tw/products/0010453020?loc=P_010_075", "http://www.books.com.tw/products/0010453023?loc=P_010_076", "http://www.books.com.tw/products/0010452102?loc=P_010_077", "http://www.books.com.tw/products/0010452104?loc=P_010_078", "http://www.books.com.tw/products/0010449869?loc=P_010_079", "http://www.books.com.tw/products/0010459314?loc=P_010_080", "http://www.books.com.tw/products/0010448579?loc=P_010_081", "http://www.books.com.tw/products/0010449348?loc=P_010_082", "http://www.books.com.tw/products/0010449349?loc=P_010_083", "http://www.books.com.tw/products/0010449357?loc=P_010_084", "http://www.books.com.tw/products/0010449359?loc=P_010_085", "http://www.books.com.tw/products/0010445677?loc=P_010_086", "http://www.books.com.tw/products/0010447893?loc=P_010_087", "http://www.books.com.tw/products/0010447894?loc=P_010_088", "http://www.books.com.tw/products/0010447024?loc=P_010_089", "http://www.books.com.tw/products/0010447026?loc=P_010_090", "http://www.books.com.tw/products/0010447031?loc=P_010_091", "http://www.books.com.tw/products/0010447488?loc=P_010_092", "http://www.books.com.tw/products/0010445685?loc=P_010_093", "http://www.books.com.tw/products/0010445686?loc=P_010_094", "http://www.books.com.tw/products/0010445691?loc=P_010_095", "http://www.books.com.tw/products/0010445692?loc=P_010_096", "http://www.books.com.tw/products/0010444437?loc=P_010_097", "http://www.books.com.tw/products/0010444439?loc=P_010_098", "http://www.books.com.tw/products/0010444442?loc=P_010_099", "http://www.books.com.tw/products/0010444443?loc=P_010_100", "http://www.books.com.tw/products/0010442629?loc=P_010_001", "http://www.books.com.tw/products/0010440571?loc=P_010_002", "http://www.books.com.tw/products/0010441324?loc=P_010_003", "http://www.books.com.tw/products/0010441326?loc=P_010_004", "http://www.books.com.tw/products/0010441315?loc=P_010_005", "http://www.books.com.tw/products/0010441318?loc=P_010_006", "http://www.books.com.tw/products/0010441322?loc=P_010_007", "http://www.books.com.tw/products/0010440053?loc=P_010_008", "http://www.books.com.tw/products/0010437663?loc=P_010_009", "http://www.books.com.tw/products/0010437708?loc=P_010_010", "http://www.books.com.tw/products/0010436760?loc=P_010_011", "http://www.books.com.tw/products/0010437112?loc=P_010_012", "http://www.books.com.tw/products/0010437739?loc=P_010_013", "http://www.books.com.tw/products/0010433796?loc=P_010_014", "http://www.books.com.tw/products/0010433797?loc=P_010_015", "http://www.books.com.tw/products/0010435538?loc=P_010_016", "http://www.books.com.tw/products/0010434507?loc=P_010_017", "http://www.books.com.tw/products/0010434509?loc=P_010_018", "http://www.books.com.tw/products/0010434513?loc=P_010_019", "http://www.books.com.tw/products/0010434089?loc=P_010_020", "http://www.books.com.tw/products/0010430137?loc=P_010_021", "http://www.books.com.tw/products/0010431651?loc=P_010_022", "http://www.books.com.tw/products/0010431743?loc=P_010_023", "http://www.books.com.tw/products/0010431744?loc=P_010_024", "http://www.books.com.tw/products/0010431763?loc=P_010_025", "http://www.books.com.tw/products/0010431767?loc=P_010_026", "http://www.books.com.tw/products/0010431250?loc=P_010_027", "http://www.books.com.tw/products/0010431768?loc=P_010_028", "http://www.books.com.tw/products/0010429777?loc=P_010_029", "http://www.books.com.tw/products/0010429778?loc=P_010_030", "http://www.books.com.tw/products/0010429238?loc=P_010_031", "http://www.books.com.tw/products/0010429240?loc=P_010_032", "http://www.books.com.tw/products/0010429258?loc=P_010_033", "http://www.books.com.tw/products/0010431240?loc=P_010_034", "http://www.books.com.tw/products/0010431246?loc=P_010_035", "http://www.books.com.tw/products/0010428519?loc=P_010_036", "http://www.books.com.tw/products/0010428520?loc=P_010_037", "http://www.books.com.tw/products/0010435333?loc=P_010_038", "http://www.books.com.tw/products/0010435339?loc=P_010_039", "http://www.books.com.tw/products/0010427412?loc=P_010_040", "http://www.books.com.tw/products/0010427017?loc=P_010_041", "http://www.books.com.tw/products/0010427019?loc=P_010_042", "http://www.books.com.tw/products/0010425895?loc=P_010_043", "http://www.books.com.tw/products/0010425543?loc=P_010_044", "http://www.books.com.tw/products/0010426500?loc=P_010_045", "http://www.books.com.tw/products/0010426501?loc=P_010_046", "http://www.books.com.tw/products/0010425842?loc=P_010_047", "http://www.books.com.tw/products/0010423963?loc=P_010_048", "http://www.books.com.tw/products/0010424307?loc=P_010_049", "http://www.books.com.tw/products/0010425108?loc=P_010_050", "http://www.books.com.tw/products/0010424824?loc=P_010_051", "http://www.books.com.tw/products/0010431207?loc=P_010_052", "http://www.books.com.tw/products/0010431216?loc=P_010_053", "http://www.books.com.tw/products/0010423700?loc=P_010_054", "http://www.books.com.tw/products/0010423758?loc=P_010_055", "http://www.books.com.tw/products/0010423761?loc=P_010_056", "http://www.books.com.tw/products/0010422806?loc=P_010_057", "http://www.books.com.tw/products/0010422799?loc=P_010_058", "http://www.books.com.tw/products/0010420329?loc=P_010_059", "http://www.books.com.tw/products/0010420929?loc=P_010_060", "http://www.books.com.tw/products/0010426490?loc=P_010_061", "http://www.books.com.tw/products/0010426492?loc=P_010_062", "http://www.books.com.tw/products/0010420556?loc=P_010_063", "http://www.books.com.tw/products/0010419883?loc=P_010_064", "http://www.books.com.tw/products/0010420225?loc=P_010_065", "http://www.books.com.tw/products/0010420229?loc=P_010_066", "http://www.books.com.tw/products/0010419116?loc=P_010_067", "http://www.books.com.tw/products/0010419636?loc=P_010_068", "http://www.books.com.tw/products/0010416665?loc=P_010_069", "http://www.books.com.tw/products/0010419631?loc=P_010_070", "http://www.books.com.tw/products/0010419634?loc=P_010_071", "http://www.books.com.tw/products/0010427036?loc=P_010_072", "http://www.books.com.tw/products/0010424250?loc=P_010_073", "http://www.books.com.tw/products/0010417700?loc=P_010_074", "http://www.books.com.tw/products/0010417703?loc=P_010_075", "http://www.books.com.tw/products/0010417175?loc=P_010_076", "http://www.books.com.tw/products/0010414293?loc=P_010_077", "http://www.books.com.tw/products/0010416044?loc=P_010_078", "http://www.books.com.tw/products/0010416162?loc=P_010_079", "http://www.books.com.tw/products/0010416618?loc=P_010_080", "http://www.books.com.tw/products/0010416620?loc=P_010_081", "http://www.books.com.tw/products/0010418854?loc=P_010_082", "http://www.books.com.tw/products/0010413959?loc=P_010_083", "http://www.books.com.tw/products/0010412739?loc=P_010_084", "http://www.books.com.tw/products/0010414162?loc=P_010_085", "http://www.books.com.tw/products/0010414550?loc=P_010_086", "http://www.books.com.tw/products/0010414552?loc=P_010_087", "http://www.books.com.tw/products/0010414548?loc=P_010_088", "http://www.books.com.tw/products/0010412814?loc=P_010_089", "http://www.books.com.tw/products/0010412791?loc=P_010_090", "http://www.books.com.tw/products/0010412799?loc=P_010_091", "http://www.books.com.tw/products/0010418856?loc=P_010_092", "http://www.books.com.tw/products/0010412086?loc=P_010_093", "http://www.books.com.tw/products/0010416633?loc=P_010_094", "http://www.books.com.tw/products/0010412085?loc=P_010_095", "http://www.books.com.tw/products/0010412906?loc=P_010_096", "http://www.books.com.tw/products/0010411528?loc=P_010_097", "http://www.books.com.tw/products/0010411530?loc=P_010_098", "http://www.books.com.tw/products/0010408595?loc=P_010_099", "http://www.books.com.tw/products/0010409341?loc=P_010_100", "http://www.books.com.tw/products/0010410449?loc=P_010_001", "http://www.books.com.tw/products/0010410455?loc=P_010_002", "http://www.books.com.tw/products/0010407986?loc=P_010_003", "http://www.books.com.tw/products/0010407988?loc=P_010_004", "http://www.books.com.tw/products/0010405771?loc=P_010_005", "http://www.books.com.tw/products/0010405773?loc=P_010_006", "http://www.books.com.tw/products/0010405734?loc=P_010_007", "http://www.books.com.tw/products/0010406916?loc=P_010_008", "http://www.books.com.tw/products/0010406920?loc=P_010_009", "http://www.books.com.tw/products/0010400609?loc=P_010_010", "http://www.books.com.tw/products/0010399998?loc=P_010_011", "http://www.books.com.tw/products/0010401165?loc=P_010_012", "http://www.books.com.tw/products/0010401167?loc=P_010_013", "http://www.books.com.tw/products/0010397380?loc=P_010_014", "http://www.books.com.tw/products/0010636433?loc=P_010_015", "http://www.books.com.tw/products/0010398522?loc=P_010_016", "http://www.books.com.tw/products/0010398525?loc=P_010_017", "http://www.books.com.tw/products/0010397722?loc=P_010_018", "http://www.books.com.tw/products/0010395032?loc=P_010_019", "http://www.books.com.tw/products/0010395033?loc=P_010_020", "http://www.books.com.tw/products/0010396445?loc=P_010_021", "http://www.books.com.tw/products/0010396446?loc=P_010_022", "http://www.books.com.tw/products/0010395229?loc=P_010_023", "http://www.books.com.tw/products/0010393692?loc=P_010_024", "http://www.books.com.tw/products/0010393708?loc=P_010_025", "http://www.books.com.tw/products/0010399405?loc=P_010_026", "http://www.books.com.tw/products/0010399406?loc=P_010_027", "http://www.books.com.tw/products/0010394425?loc=P_010_028", "http://www.books.com.tw/products/0010395251?loc=P_010_029", "http://www.books.com.tw/products/0010395254?loc=P_010_030", "http://www.books.com.tw/products/0010393748?loc=P_010_031", "http://www.books.com.tw/products/0010394428?loc=P_010_032", "http://www.books.com.tw/products/0010394429?loc=P_010_033", "http://www.books.com.tw/products/0010392906?loc=P_010_034", "http://www.books.com.tw/products/0010394427?loc=P_010_035", "http://www.books.com.tw/products/0010393484?loc=P_010_036", "http://www.books.com.tw/products/0010393486?loc=P_010_037", "http://www.books.com.tw/products/0010390396?loc=P_010_038", "http://www.books.com.tw/products/0010390398?loc=P_010_039", "http://www.books.com.tw/products/0010392368?loc=P_010_040", "http://www.books.com.tw/products/0010393021?loc=P_010_041", "http://www.books.com.tw/products/0010393022?loc=P_010_042", "http://www.books.com.tw/products/0010392153?loc=P_010_043", "http://www.books.com.tw/products/0010392158?loc=P_010_044", "http://www.books.com.tw/products/0010392159?loc=P_010_045", "http://www.books.com.tw/products/0010392147?loc=P_010_046", "http://www.books.com.tw/products/0010393010?loc=P_010_047", "http://www.books.com.tw/products/0010391533?loc=P_010_048", "http://www.books.com.tw/products/0010391534?loc=P_010_049", "http://www.books.com.tw/products/0010395266?loc=P_010_050", "http://www.books.com.tw/products/0010395271?loc=P_010_051", "http://www.books.com.tw/products/0010393006?loc=P_010_052", "http://www.books.com.tw/products/0010393009?loc=P_010_053", "http://www.books.com.tw/products/0010400583?loc=P_010_054", "http://www.books.com.tw/products/0010400585?loc=P_010_055", "http://www.books.com.tw/products/0010389716?loc=P_010_056", "http://www.books.com.tw/products/0010390194?loc=P_010_057", "http://www.books.com.tw/products/0010391527?loc=P_010_058", "http://www.books.com.tw/products/0010391528?loc=P_010_059", "http://www.books.com.tw/products/0010387131?loc=P_010_060", "http://www.books.com.tw/products/0010387215?loc=P_010_061", "http://www.books.com.tw/products/0010388029?loc=P_010_062", "http://www.books.com.tw/products/0010395244?loc=P_010_063", "http://www.books.com.tw/products/0010395247?loc=P_010_064", "http://www.books.com.tw/products/0010387885?loc=P_010_065", "http://www.books.com.tw/products/0010388136?loc=P_010_066", "http://www.books.com.tw/products/0010388131?loc=P_010_067", "http://www.books.com.tw/products/0010384950?loc=P_010_068", "http://www.books.com.tw/products/0010384952?loc=P_010_069", "http://www.books.com.tw/products/0010384546?loc=P_010_070", "http://www.books.com.tw/products/0010389681?loc=P_010_071", "http://www.books.com.tw/products/0010384797?loc=P_010_072", "http://www.books.com.tw/products/0010395306?loc=P_010_073", "http://www.books.com.tw/products/0010395311?loc=P_010_074", "http://www.books.com.tw/products/0010395313?loc=P_010_075", "http://www.books.com.tw/products/0010395315?loc=P_010_076", "http://www.books.com.tw/products/0010386284?loc=P_010_077", "http://www.books.com.tw/products/0010388912?loc=P_010_078", "http://www.books.com.tw/products/0010383681?loc=P_010_079", "http://www.books.com.tw/products/0010382742?loc=P_010_080", "http://www.books.com.tw/products/0010382846?loc=P_010_081", "http://www.books.com.tw/products/0010380449?loc=P_010_082", "http://www.books.com.tw/products/0010380518?loc=P_010_083", "http://www.books.com.tw/products/0010378842?loc=P_010_084", "http://www.books.com.tw/products/0010378845?loc=P_010_085", "http://www.books.com.tw/products/0010378025?loc=P_010_086", "http://www.books.com.tw/products/0010374098?loc=P_010_087", "http://www.books.com.tw/products/0010373302?loc=P_010_088", "http://www.books.com.tw/products/0010373436?loc=P_010_089", "http://www.books.com.tw/products/0010380078?loc=P_010_090", "http://www.books.com.tw/products/0010373185?loc=P_010_091", "http://www.books.com.tw/products/0010372375?loc=P_010_092", "http://www.books.com.tw/products/0010371660?loc=P_010_093", "http://www.books.com.tw/products/0010371667?loc=P_010_094", "http://www.books.com.tw/products/0010368223?loc=P_010_095", "http://www.books.com.tw/products/0010368225?loc=P_010_096", "http://www.books.com.tw/products/0010380077?loc=P_010_097", "http://www.books.com.tw/products/0010380079?loc=P_010_098", "http://www.books.com.tw/products/0010017096?loc=P_010_099", "http://www.books.com.tw/products/0010365222?loc=P_010_100", "http://www.books.com.tw/products/0010365223?loc=P_010_001", "http://www.books.com.tw/products/0010365944?loc=P_010_002", "http://www.books.com.tw/products/0010366027?loc=P_010_003", "http://www.books.com.tw/products/0010407669?loc=P_010_004", "http://www.books.com.tw/products/0010358526?loc=P_010_005", "http://www.books.com.tw/products/0010358530?loc=P_010_006", "http://www.books.com.tw/products/0010359450?loc=P_010_007", "http://www.books.com.tw/products/0010359451?loc=P_010_008", "http://www.books.com.tw/products/0010359452?loc=P_010_009", "http://www.books.com.tw/products/0010359453?loc=P_010_010", "http://www.books.com.tw/products/0010359455?loc=P_010_011", "http://www.books.com.tw/products/0010359456?loc=P_010_012", "http://www.books.com.tw/products/0010358852?loc=P_010_013", "http://www.books.com.tw/products/0010366784?loc=P_010_014", "http://www.books.com.tw/products/0010359431?loc=P_010_015", "http://www.books.com.tw/products/0010398494?loc=P_010_016", "http://www.books.com.tw/products/0010365786?loc=P_010_017", "http://www.books.com.tw/products/0010354459?loc=P_010_018", "http://www.books.com.tw/products/0010356105?loc=P_010_019", "http://www.books.com.tw/products/0010354445?loc=P_010_020", "http://www.books.com.tw/products/0010353499?loc=P_010_021", "http://www.books.com.tw/products/0010352106?loc=P_010_022", "http://www.books.com.tw/products/0010352302?loc=P_010_023", "http://www.books.com.tw/products/0010349173?loc=P_010_024", "http://www.books.com.tw/products/0010349174?loc=P_010_025", "http://www.books.com.tw/products/0010349790?loc=P_010_026", "http://www.books.com.tw/products/0010349796?loc=P_010_027", "http://www.books.com.tw/products/0010348851?loc=P_010_028", "http://www.books.com.tw/products/0010347520?loc=P_010_029", "http://www.books.com.tw/products/0010347359?loc=P_010_030", "http://www.books.com.tw/products/0010345984?loc=P_010_031", "http://www.books.com.tw/products/0010346555?loc=P_010_032", "http://www.books.com.tw/products/0010346022?loc=P_010_033", "http://www.books.com.tw/products/0010344742?loc=P_010_034", "http://www.books.com.tw/products/0010340765?loc=P_010_035", "http://www.books.com.tw/products/0010340771?loc=P_010_036", "http://www.books.com.tw/products/0010380541?loc=P_010_037", "http://www.books.com.tw/products/0010380549?loc=P_010_038", "http://www.books.com.tw/products/0010380676?loc=P_010_039", "http://www.books.com.tw/products/0010340871?loc=P_010_040", "http://www.books.com.tw/products/0010340212?loc=P_010_041", "http://www.books.com.tw/products/0010340742?loc=P_010_042", "http://www.books.com.tw/products/0010338531?loc=P_010_043", "http://www.books.com.tw/products/0010338542?loc=P_010_044", "http://www.books.com.tw/products/0010342267?loc=P_010_045", "http://www.books.com.tw/products/0010339698?loc=P_010_046", "http://www.books.com.tw/products/0010338401?loc=P_010_047", "http://www.books.com.tw/products/0010336068?loc=P_010_048", "http://www.books.com.tw/products/0010336700?loc=P_010_049", "http://www.books.com.tw/products/0010333612?loc=P_010_050", "http://www.books.com.tw/products/0010334166?loc=P_010_051", "http://www.books.com.tw/products/0010368750?loc=P_010_052", "http://www.books.com.tw/products/0010333041?loc=P_010_053", "http://www.books.com.tw/products/0010330714?loc=P_010_054", "http://www.books.com.tw/products/0010327955?loc=P_010_055", "http://www.books.com.tw/products/0010326819?loc=P_010_056", "http://www.books.com.tw/products/0010326825?loc=P_010_057", "http://www.books.com.tw/products/0010324665?loc=P_010_058", "http://www.books.com.tw/products/0010322629?loc=P_010_059", "http://www.books.com.tw/products/0010321744?loc=P_010_060", "http://www.books.com.tw/products/0010322692?loc=P_010_061", "http://www.books.com.tw/products/0010318960?loc=P_010_062", "http://www.books.com.tw/products/0010317935?loc=P_010_063", "http://www.books.com.tw/products/0010315147?loc=P_010_064", "http://www.books.com.tw/products/0010312391?loc=P_010_065", "http://www.books.com.tw/products/0010312165?loc=P_010_066", "http://www.books.com.tw/products/0010308896?loc=P_010_067", "http://www.books.com.tw/products/0010307974?loc=P_010_068", "http://www.books.com.tw/products/0010308212?loc=P_010_069", "http://www.books.com.tw/products/0010303990?loc=P_010_070", "http://www.books.com.tw/products/0010302852?loc=P_010_071", "http://www.books.com.tw/products/0010302884?loc=P_010_072", "http://www.books.com.tw/products/0010310699?loc=P_010_073", "http://www.books.com.tw/products/0010287283?loc=P_010_074", "http://www.books.com.tw/products/0010288594?loc=P_010_075", "http://www.books.com.tw/products/0010287399?loc=P_010_076", "http://www.books.com.tw/products/0010288243?loc=P_010_077", "http://www.books.com.tw/products/0010284501?loc=P_010_078", "http://www.books.com.tw/products/0010280907?loc=P_010_079", "http://www.books.com.tw/products/0010279968?loc=P_010_080", "http://www.books.com.tw/products/0010270785?loc=P_010_081", "http://www.books.com.tw/products/0010270791?loc=P_010_082", "http://www.books.com.tw/products/0010264431?loc=P_010_083", "http://www.books.com.tw/products/0010266301?loc=P_010_084", "http://www.books.com.tw/products/0010260230?loc=P_010_085", "http://www.books.com.tw/products/0010260242?loc=P_010_086", "http://www.books.com.tw/products/0010257241?loc=P_010_087", "http://www.books.com.tw/products/0010250610?loc=P_010_088", "http://www.books.com.tw/products/0010249337?loc=P_010_089", "http://www.books.com.tw/products/0010249562?loc=P_010_090", "http://www.books.com.tw/products/0010249068?loc=P_010_091", "http://www.books.com.tw/products/0010246936?loc=P_010_092", "http://www.books.com.tw/products/0010239949?loc=P_010_093", "http://www.books.com.tw/products/0010235170?loc=P_010_094", "http://www.books.com.tw/products/0010236801?loc=P_010_095", "http://www.books.com.tw/products/0010235405?loc=P_010_096", "http://www.books.com.tw/products/0010235106?loc=P_010_097", "http://www.books.com.tw/products/0010234002?loc=P_010_098", "http://www.books.com.tw/products/0010234003?loc=P_010_099", "http://www.books.com.tw/products/0010229887?loc=P_010_100", "http://www.books.com.tw/products/0010230026?loc=P_010_001", "http://www.books.com.tw/products/0010230282?loc=P_010_002", "http://www.books.com.tw/products/0010232466?loc=P_010_003", "http://www.books.com.tw/products/0010210654?loc=P_010_004", "http://www.books.com.tw/products/0010209735?loc=P_010_005", "http://www.books.com.tw/products/0010204976?loc=P_010_006", "http://www.books.com.tw/products/0010200700?loc=P_010_007", "http://www.books.com.tw/products/0010187039?loc=P_010_008", "http://www.books.com.tw/products/0010182564?loc=P_010_009", "http://www.books.com.tw/products/0010173937?loc=P_010_010", "http://www.books.com.tw/products/0010150597?loc=P_010_011", "http://www.books.com.tw/products/0010257223?loc=P_010_012", "http://www.books.com.tw/products/0010417935?loc=P_010_013", "http://www.books.com.tw/products/0010107337?loc=P_010_014", "http://www.books.com.tw/products/0010049485?loc=P_010_015", "http://www.books.com.tw/products/0010064674?loc=P_010_016", "http://www.books.com.tw/products/0010098611?loc=P_010_017", "http://www.books.com.tw/products/0010097386?loc=P_010_018", "http://www.books.com.tw/products/0010094181?loc=P_010_019", "http://www.books.com.tw/products/0010089060?loc=P_010_020", "http://www.books.com.tw/products/0010047303?loc=P_010_021", "http://www.books.com.tw/products/0010029224?loc=P_010_022", "http://www.books.com.tw/products/0010090893?loc=P_010_023", "http://www.books.com.tw/products/0010025506?loc=P_010_024", "http://www.books.com.tw/products/0010015861?loc=P_010_025", "http://www.books.com.tw/products/0010048540?loc=P_010_026", "http://www.books.com.tw/products/0010027153?loc=P_010_027", "http://www.books.com.tw/products/0010034056?loc=P_010_028", "http://www.books.com.tw/products/0010057171?loc=P_010_029", "http://www.books.com.tw/products/0010097415?loc=P_010_030", "http://www.books.com.tw/products/0010099591?loc=P_010_031", "http://www.books.com.tw/products/0010003541?loc=P_010_032", "http://www.books.com.tw/products/0010006016?loc=P_010_033", "http://www.books.com.tw/products/0010026046?loc=P_010_034", "http://www.books.com.tw/products/0010035463?loc=P_010_035", "http://www.books.com.tw/products/0010009327?loc=P_010_036", "http://www.books.com.tw/products/0010051909?loc=P_010_037", "http://www.books.com.tw/products/0010096712?loc=P_010_038", "http://www.books.com.tw/products/0010002969?loc=P_010_039", "http://www.books.com.tw/products/0010003842?loc=P_010_040", "http://www.books.com.tw/products/0010057298?loc=P_010_041", "http://www.books.com.tw/products/0010094326?loc=P_010_042", "http://www.books.com.tw/products/0010045724?loc=P_010_043", "http://www.books.com.tw/products/0010047001?loc=P_010_044", "http://www.books.com.tw/products/0010047228?loc=P_010_045", "http://www.books.com.tw/products/0010057936?loc=P_010_046", "http://www.books.com.tw/products/0010100645?loc=P_010_047", "http://www.books.com.tw/products/0010013820?loc=P_010_048", "http://www.books.com.tw/products/0010051105?loc=P_010_049", "http://www.books.com.tw/products/0010004192?loc=P_010_050", "http://www.books.com.tw/products/0010024856?loc=P_010_051", "http://www.books.com.tw/products/0010030685?loc=P_010_052", "http://www.books.com.tw/products/0010041345?loc=P_010_053", "http://www.books.com.tw/products/0010059071?loc=P_010_054", "http://www.books.com.tw/products/0010007733?loc=P_010_055", "http://www.books.com.tw/products/0010007628?loc=P_010_056", "http://www.books.com.tw/products/0010011980?loc=P_010_057", "http://www.books.com.tw/products/0010018557?loc=P_010_058", "http://www.books.com.tw/products/0010044661?loc=P_010_059", "http://www.books.com.tw/products/0010046646?loc=P_010_060", "http://www.books.com.tw/products/0010054742?loc=P_010_061", "http://www.books.com.tw/products/0010096161?loc=P_010_062", "http://www.books.com.tw/products/0010004463?loc=P_010_063", "http://www.books.com.tw/products/0010034979?loc=P_010_064", "http://www.books.com.tw/products/0010044013?loc=P_010_065", "http://www.books.com.tw/products/0010063491?loc=P_010_066", "http://www.books.com.tw/products/0010100644?loc=P_010_067", "http://www.books.com.tw/products/0010041173?loc=P_010_068", "http://www.books.com.tw/products/0010051474?loc=P_010_069", "http://www.books.com.tw/products/0010053727?loc=P_010_070", "http://www.books.com.tw/products/0010033422?loc=P_010_071", "http://www.books.com.tw/products/0010058559?loc=P_010_072", "http://www.books.com.tw/products/0010060086?loc=P_010_073", "http://www.books.com.tw/products/0010088722?loc=P_010_074", "http://www.books.com.tw/products/0010089390?loc=P_010_075", "http://www.books.com.tw/products/0010086299?loc=P_010_076", "http://www.books.com.tw/products/0010042275?loc=P_010_077", "http://www.books.com.tw/products/0010026777?loc=P_010_078", "http://www.books.com.tw/products/0010024333?loc=P_010_079", "http://www.books.com.tw/products/0010042468?loc=P_010_080", "http://www.books.com.tw/products/0010034383?loc=P_010_081", "http://www.books.com.tw/products/0010042107?loc=P_010_082", "http://www.books.com.tw/products/0010031534?loc=P_010_083", "http://www.books.com.tw/products/0010015809?loc=P_010_084", "http://www.books.com.tw/products/0010036987?loc=P_010_085", "http://www.books.com.tw/products/0010060042?loc=P_010_086", "http://www.books.com.tw/products/0010091933?loc=P_010_087", "http://www.books.com.tw/products/0010098653?loc=P_010_088", "http://www.books.com.tw/products/0010099698?loc=P_010_089", "http://www.books.com.tw/products/0010006107?loc=P_010_090", "http://www.books.com.tw/products/0010009373?loc=P_010_091", "http://www.books.com.tw/products/0010051956?loc=P_010_092", "http://www.books.com.tw/products/0010056712?loc=P_010_093", "http://www.books.com.tw/products/0010058983?loc=P_010_094", "http://www.books.com.tw/products/0010088874?loc=P_010_095", "http://www.books.com.tw/products/0010028182?loc=P_010_096", "http://www.books.com.tw/products/0010100643?loc=P_010_097", "http://www.books.com.tw/products/0010011599?loc=P_010_098", "http://www.books.com.tw/products/0010046678?loc=P_010_099", "http://www.books.com.tw/products/0010006602?loc=P_010_100", "http://www.books.com.tw/products/0010030148?loc=P_010_001", "http://www.books.com.tw/products/0010049732?loc=P_010_002", "http://www.books.com.tw/products/0010021255?loc=P_010_003", "http://www.books.com.tw/products/0010100642?loc=P_010_004", "http://www.books.com.tw/products/0010065838?loc=P_010_005", "http://www.books.com.tw/products/0010065839?loc=P_010_006", "http://www.books.com.tw/products/0010065840?loc=P_010_007", "http://www.books.com.tw/products/0010065841?loc=P_010_008", "http://www.books.com.tw/products/0010065843?loc=P_010_009", "http://www.books.com.tw/products/0010014029?loc=P_010_010", "http://www.books.com.tw/products/0010054217?loc=P_010_011", "http://www.books.com.tw/products/0010007333?loc=P_010_012", "http://www.books.com.tw/products/0010197476?loc=P_010_013", "http://www.books.com.tw/products/0010164950?loc=P_010_014", "http://www.books.com.tw/products/0010023655?loc=P_010_015", "http://www.books.com.tw/products/0010028566?loc=P_010_016", "http://www.books.com.tw/products/0010049488?loc=P_010_017", "http://www.books.com.tw/products/0010025419?loc=P_010_018", "http://www.books.com.tw/products/0010069126?loc=P_010_019", "http://www.books.com.tw/products/0010094389?loc=P_010_020", "http://www.books.com.tw/products/0010091904?loc=P_010_021", "http://www.books.com.tw/products/0010097375?loc=P_010_022"]